   0.00000000       1.00000000    
   3.99999991E-02   1.00000000    
   7.99999982E-02   1.00160003    
  0.119999997       1.00480509    
  0.159999996       1.00962818    
  0.199999988       1.01608980    
  0.239999980       1.02421856    
  0.279999971       1.03405106    
  0.319999963       1.04563248    
  0.359999955       1.05901659    
  0.399999946       1.07426643    
  0.439999938       1.09145474    
  0.479999930       1.11066437    
  0.519999921       1.13198912    
  0.559999943       1.15553451    
  0.599999964       1.18141842    
  0.639999986       1.20977247    
  0.680000007       1.24074268    
  0.720000029       1.27449083    
  0.760000050       1.31119621    
  0.800000072       1.35105658    
  0.840000093       1.39429045    
  0.880000114       1.44113863    
  0.920000136       1.49186671    
  0.960000157       1.54676735    
   1.00000012       1.60616326    
