   0.00000000       1.00000000    
   9.99999978E-03   1.00000000    
   1.99999996E-02   1.00010002    
   2.99999993E-02   1.00030005    
   3.99999991E-02   1.00060010    
   4.99999970E-02   1.00100029    
   5.99999949E-02   1.00150073    
   6.99999928E-02   1.00210166    
   7.99999908E-02   1.00280309    
   8.99999887E-02   1.00360537    
   9.99999866E-02   1.00450861    
  0.109999985       1.00551307    
  0.119999982       1.00661910    
  0.129999980       1.00782704    
  0.139999986       1.00913727    
  0.149999991       1.01055002    
  0.159999996       1.01206589    
  0.170000002       1.01368523    
  0.180000007       1.01540852    
  0.190000013       1.01723623    
  0.200000018       1.01916897    
  0.210000023       1.02120733    
  0.220000029       1.02335191    
  0.230000034       1.02560329    
  0.240000039       1.02796221    
  0.250000030       1.03042936    
  0.260000020       1.03300548    
  0.270000011       1.03569126    
  0.280000001       1.03848767    
  0.289999992       1.04139543    
  0.299999982       1.04441547    
  0.309999973       1.04754877    
  0.319999963       1.05079615    
  0.329999954       1.05415869    
  0.339999944       1.05763745    
  0.349999934       1.06123340    
  0.359999925       1.06494772    
  0.369999915       1.06878150    
  0.379999906       1.07273602    
  0.389999896       1.07681239    
  0.399999887       1.08101201    
  0.409999877       1.08533609    
  0.419999868       1.08978593    
  0.429999858       1.09436297    
  0.439999849       1.09906876    
  0.449999839       1.10390460    
  0.459999830       1.10887218    
  0.469999820       1.11397302    
  0.479999810       1.11920869    
  0.489999801       1.12458086    
  0.499999791       1.13009131    
  0.509999812       1.13574171    
  0.519999802       1.14153397    
  0.529999793       1.14747000    
  0.539999783       1.15355158    
  0.549999774       1.15978074    
  0.559999764       1.16615951    
  0.569999754       1.17269003    
  0.579999745       1.17937434    
  0.589999735       1.18621469    
  0.599999726       1.19321334    
  0.609999716       1.20037258    
  0.619999707       1.20769489    
  0.629999697       1.21518254    
  0.639999688       1.22283816    
  0.649999678       1.23066437    
  0.659999669       1.23866367    
  0.669999659       1.24683881    
  0.679999650       1.25519264    
  0.689999640       1.26372790    
  0.699999630       1.27244759    
  0.709999621       1.28135467    
  0.719999611       1.29045224    
  0.729999602       1.29974353    
  0.739999592       1.30923164    
  0.749999583       1.31891990    
  0.759999573       1.32881176    
  0.769999564       1.33891070    
  0.779999554       1.34922028    
  0.789999545       1.35974419    
  0.799999535       1.37048614    
  0.809999526       1.38145006    
  0.819999516       1.39263976    
  0.829999506       1.40405941    
  0.839999497       1.41571307    
  0.849999487       1.42760503    
  0.859999478       1.43973970    
  0.869999468       1.45212150    
  0.879999459       1.46475494    
  0.889999449       1.47764480    
  0.899999440       1.49079585    
  0.909999430       1.50421298    
  0.919999421       1.51790130    
  0.929999411       1.53186595    
  0.939999402       1.54611230    
  0.949999392       1.56064570    
  0.959999382       1.57547188    
  0.969999373       1.59059644    
  0.979999363       1.60602522    
  0.989999354       1.62176430    
  0.999999344       1.63781977    
