  -50.0000000       4.81827492E-16
  -49.9000015       5.23727565E-16
  -49.7999992       5.69273427E-16
  -49.7000008       6.18780226E-16
  -49.6000023       6.72589847E-16
  -49.5000000       7.31081495E-16
  -49.4000015       7.94659894E-16
  -49.2999992       8.63767354E-16
  -49.2000008       9.38881177E-16
  -49.1000023       1.02053092E-15
  -49.0000000       1.10928123E-15
  -48.9000015       1.20574505E-15
  -48.7999992       1.31060751E-15
  -48.7000008       1.42457887E-15
  -48.6000023       1.54846135E-15
  -48.5000000       1.68312943E-15
  -48.4000015       1.82949566E-15
  -48.2999992       1.98859746E-15
  -48.2000008       2.16153554E-15
  -48.1000023       2.34950444E-15
  -48.0000000       2.55382848E-15
  -47.9000015       2.77592179E-15
  -47.7999992       3.01732956E-15
  -47.7000008       3.27971877E-15
  -47.6000023       3.56493891E-15
  -47.5000000       3.87496355E-15
  -47.4000015       4.21193316E-15
  -47.2999992       4.57824061E-15
  -47.2000008       4.97636769E-15
  -47.1000023       5.40911598E-15
  -47.0000000       5.87954156E-15
  -46.9000015       6.39083055E-15
  -46.7999992       6.94660826E-15
  -46.7000008       7.55071935E-15
  -46.6000023       8.20733506E-15
  -46.5000000       8.92108568E-15
  -46.4000015       9.69690518E-15
  -46.2999992       1.05401959E-14
  -46.2000008       1.14567796E-14
  -46.1000023       1.24531165E-14
  -46.0000000       1.35360998E-14
  -45.9000015       1.47132079E-14
  -45.7999992       1.59927410E-14
  -45.7000008       1.73835471E-14
  -45.6000023       1.88952332E-14
  -45.5000000       2.05384551E-14
  -45.4000015       2.23245799E-14
  -45.2999992       2.42660320E-14
  -45.2000008       2.63762248E-14
  -45.1000023       2.86700290E-14
  -45.0000000       3.11633145E-14
  -44.9000015       3.38732982E-14
  -44.7999992       3.68192246E-14
  -44.7000008       4.00210531E-14
  -44.6000023       4.35013082E-14
  -44.5000000       4.72845775E-14
  -44.4000015       5.13964786E-14
  -44.2999992       5.58661665E-14
  -44.2000008       6.07245577E-14
  -44.1000023       6.60052050E-14
  -44.0000000       7.17453440E-14
  -43.9000015       7.79846700E-14
  -43.7999992       8.47665918E-14
  -43.7000008       9.21379604E-14
  -43.6000023       1.00150716E-13
  -43.5000000       1.08860315E-13
  -43.4000015       1.18326884E-13
  -43.2999992       1.28617657E-13
  -43.2000008       1.39802341E-13
  -43.1000023       1.51959649E-13
  -43.0000000       1.65175436E-13
  -42.9000015       1.79539204E-13
  -42.7999992       1.95152813E-13
  -42.7000008       2.12124250E-13
  -42.6000023       2.30570717E-13
  -42.5000000       2.50622277E-13
  -42.4000015       2.72417614E-13
  -42.2999992       2.96108380E-13
  -42.2000008       3.21858154E-13
  -42.1000023       3.49848487E-13
  -42.0000000       3.80273043E-13
  -41.9000015       4.13341860E-13
  -41.7999992       4.49288068E-13
  -41.7000008       4.88360329E-13
  -41.6000023       5.30828528E-13
  -41.5000000       5.76991905E-13
  -41.4000015       6.27169974E-13
  -41.2999992       6.81711740E-13
  -41.2000008       7.40993855E-13
  -41.1000023       8.05434333E-13
  -41.0000000       8.75478726E-13
  -40.9000015       9.51614655E-13
  -40.7999992       1.03437170E-12
  -40.7000008       1.12432145E-12
  -40.6000023       1.22209784E-12
  -40.5000000       1.32837740E-12
  -40.4000015       1.44389405E-12
  -40.2999992       1.56946212E-12
  -40.2000008       1.70595016E-12
  -40.1000023       1.85430078E-12
  -40.0000000       2.01555981E-12
  -39.9000015       2.19084278E-12
  -39.7999992       2.38136919E-12
  -39.7000008       2.58845462E-12
  -39.6000023       2.81355928E-12
  -39.5000000       3.05823986E-12
  -39.4000015       3.32418685E-12
  -39.2999992       3.61328784E-12
  -39.2000008       3.92750199E-12
  -39.1000023       4.26904042E-12
  -39.0000000       4.64031461E-12
  -38.9000015       5.04383991E-12
  -38.7999992       5.48247645E-12
  -38.7000008       5.95925956E-12
  -38.6000023       6.47748044E-12
  -38.5000000       7.04079416E-12
  -38.4000015       7.65309604E-12
  -38.2999992       8.31864612E-12
  -38.2000008       9.04205877E-12
  -38.1000023       9.82836295E-12
  -38.0000000       1.06831054E-11
  -37.9000015       1.16121383E-11
  -37.7999992       1.26219859E-11
  -37.7000008       1.37196287E-11
  -37.6000023       1.49127256E-11
  -37.5000000       1.62096100E-11
  -37.4000015       1.76192411E-11
  -37.2999992       1.91514981E-11
  -37.2000008       2.08169645E-11
  -37.1000023       2.26272664E-11
  -37.0000000       2.45950430E-11
  -36.9000015       2.67338963E-11
  -36.7999992       2.90588630E-11
  -36.7000008       3.15858416E-11
  -36.6000023       3.43326340E-11
  -36.5000000       3.73184365E-11
  -36.4000015       4.05636774E-11
  -36.2999992       4.40913764E-11
  -36.2000008       4.79256843E-11
  -36.1000023       5.20933366E-11
  -36.0000000       5.66237335E-11
  -35.9000015       6.15478918E-11
  -35.7999992       6.69003949E-11
  -35.7000008       7.27182412E-11
  -35.6000023       7.90420229E-11
  -35.5000000       8.59159063E-11
  -35.4000015       9.33873881E-11
  -35.2999992       1.01508801E-10
  -35.2000008       1.10336296E-10
  -35.1000023       1.19931454E-10
  -35.0000000       1.30361263E-10
  -34.9000015       1.41697848E-10
  -34.7999992       1.54020879E-10
  -34.7000008       1.67414638E-10
  -34.6000023       1.81973492E-10
  -34.5000000       1.97799166E-10
  -34.4000015       2.14999921E-10
  -34.2999992       2.33697811E-10
  -34.2000008       2.54020832E-10
  -34.1000023       2.76110662E-10
  -34.0000000       3.00123176E-10
  -33.9000015       3.26222688E-10
  -33.7999992       3.54592605E-10
  -33.7000008       3.85428967E-10
  -33.6000023       4.18946960E-10
  -33.5000000       4.55380622E-10
  -33.4000015       4.94981778E-10
  -33.2999992       5.38027789E-10
  -33.2000008       5.84816195E-10
  -33.1000023       6.35673458E-10
  -33.0000000       6.90954738E-10
  -32.9000015       7.51042062E-10
  -32.7999992       8.16357870E-10
  -32.7000008       8.87348972E-10
  -32.6000023       9.64515356E-10
  -32.5000000       1.04839626E-09
  -32.4000015       1.13956777E-09
  -32.2999992       1.23867006E-09
  -32.2000008       1.34638822E-09
  -32.1000023       1.46347401E-09
  -32.0000000       1.59074476E-09
  -31.8999996       1.72908354E-09
  -31.8000011       1.87944593E-09
  -31.7000008       2.04289163E-09
  -31.6000004       2.22055152E-09
  -31.5000000       2.41365683E-09
  -31.3999996       2.62356026E-09
  -31.3000011       2.85171220E-09
  -31.2000008       3.09970538E-09
  -31.1000004       3.36927042E-09
  -31.0000000       3.66227870E-09
  -30.8999996       3.98076061E-09
  -30.8000011       4.32693881E-09
  -30.7000008       4.70323069E-09
  -30.6000004       5.11223641E-09
  -30.5000000       5.55682167E-09
  -30.3999996       6.04005823E-09
  -30.3000011       6.56531851E-09
  -30.2000008       7.13627024E-09
  -30.1000004       7.75686004E-09
  -30.0000000       8.43143511E-09
  -29.8999996       9.16467258E-09
  -29.8000011       9.96164040E-09
  -29.7000008       1.08279519E-08
  -29.6000004       1.17696031E-08
  -29.5000000       1.27931212E-08
  -29.3999996       1.39056731E-08
  -29.3000011       1.51149493E-08
  -29.2000008       1.64293876E-08
  -29.1000004       1.78581665E-08
  -29.0000000       1.94112015E-08
  -28.8999996       2.10992521E-08
  -28.8000011       2.29341008E-08
  -28.7000008       2.49285641E-08
  -28.6000004       2.70964211E-08
  -28.5000000       2.94528579E-08
  -28.3999996       3.20141602E-08
  -28.3000011       3.47982017E-08
  -28.2000008       3.78244209E-08
  -28.1000004       4.11138146E-08
  -28.0000000       4.46891910E-08
  -27.8999996       4.85755756E-08
  -27.8000011       5.27998445E-08
  -27.7000008       5.73914676E-08
  -27.6000004       6.23825116E-08
  -27.5000000       6.78074628E-08
  -27.3999996       7.37043351E-08
  -27.3000011       8.01138711E-08
  -27.2000008       8.70807924E-08
  -27.1000004       9.46537639E-08
  -27.0000000       1.02885309E-07
  -26.8999996       1.11832499E-07
  -26.8000011       1.21557775E-07
  -26.7000008       1.32129017E-07
  -26.6000004       1.43619346E-07
  -26.5000000       1.56109181E-07
  -26.3999996       1.69685194E-07
  -26.3000011       1.84441120E-07
  -26.2000008       2.00481040E-07
  -26.1000004       2.17915840E-07
  -26.0000000       2.36866398E-07
  -25.8999996       2.57465445E-07
  -25.8000011       2.79855385E-07
  -25.7000008       3.04192355E-07
  -25.6000004       3.30646429E-07
  -25.5000000       3.59400360E-07
  -25.3999996       3.90655572E-07
  -25.3000011       4.24628041E-07
  -25.2000008       4.61554890E-07
  -25.1000004       5.01693933E-07
  -25.0000000       5.45323701E-07
  -24.8999996       5.92746574E-07
  -24.8000011       6.44293436E-07
  -24.7000008       7.00324392E-07
  -24.6000004       7.61226488E-07
  -24.5000000       8.27426504E-07
  -24.3999996       8.99383451E-07
  -24.3000011       9.77594595E-07
  -24.2000008       1.06261098E-06
  -24.1000004       1.15502064E-06
  -24.0000000       1.25546455E-06
  -23.8999996       1.36464587E-06
  -23.8000011       1.48331924E-06
  -23.7000008       1.61231287E-06
  -23.6000004       1.75252740E-06
  -23.5000000       1.90493563E-06
  -23.3999996       2.07059429E-06
  -23.3000011       2.25065878E-06
  -23.2000008       2.44638727E-06
  -23.1000004       2.65913172E-06
  -23.0000000       2.89038258E-06
  -22.8999996       3.14173849E-06
  -22.8000011       3.41495297E-06
  -22.7000008       3.71193369E-06
  -22.6000004       4.03473405E-06
  -22.5000000       4.38561392E-06
  -22.3999996       4.76700825E-06
  -22.3000011       5.18155048E-06
  -22.2000008       5.63216327E-06
  -22.1000004       6.12196391E-06
  -22.0000000       6.65434709E-06
  -21.8999996       7.23304129E-06
  -21.8000011       7.86204691E-06
  -21.7000008       8.54575228E-06
  -21.6000004       9.28893314E-06
  -21.5000000       1.00967427E-05
  -21.3999996       1.09747843E-05
  -21.3000011       1.19291826E-05
  -21.2000008       1.29666014E-05
  -21.1000004       1.40942138E-05
  -21.0000000       1.53199144E-05
  -20.8999996       1.66521768E-05
  -20.8000011       1.81002961E-05
  -20.7000008       1.96743858E-05
  -20.6000004       2.13853255E-05
  -20.5000000       2.32450984E-05
  -20.3999996       2.52666050E-05
  -20.3000011       2.74638587E-05
  -20.2000008       2.98521936E-05
  -20.1000004       3.24482862E-05
  -20.0000000       3.52700772E-05
  -19.8999996       3.83373372E-05
  -19.8000011       4.16712573E-05
  -19.7000008       4.52951099E-05
  -19.6000004       4.92341896E-05
  -19.5000000       5.35158360E-05
  -19.3999996       5.81697204E-05
  -19.3000011       6.32283263E-05
  -19.2000008       6.87269639E-05
  -19.1000004       7.47037266E-05
  -19.0000000       8.12002472E-05
  -18.8999996       8.82617314E-05
  -18.8000011       9.59372192E-05
  -18.7000008       1.04280283E-04
  -18.6000004       1.13348891E-04
  -18.5000000       1.23206148E-04
  -18.3999996       1.33920752E-04
  -18.3000011       1.45566737E-04
  -18.2000008       1.58225768E-04
  -18.1000004       1.71985870E-04
  -18.0000000       1.86942401E-04
  -17.8999996       2.03199626E-04
  -17.8000011       2.20870439E-04
  -17.7000008       2.40078181E-04
  -17.6000004       2.60956294E-04
  -17.5000000       2.83650064E-04
  -17.3999996       3.08317627E-04
  -17.3000011       3.35129473E-04
  -17.2000008       3.64273641E-04
  -17.1000004       3.95952637E-04
  -17.0000000       4.30386193E-04
  -16.8999996       4.67814214E-04
  -16.8000011       5.08496654E-04
  -16.7000008       5.52717480E-04
  -16.6000004       6.00783911E-04
  -16.5000000       6.53030351E-04
  -16.3999996       7.09821063E-04
  -16.3000011       7.71548366E-04
  -16.2000008       8.38645967E-04
  -16.1000004       9.11577779E-04
  -16.0000000       9.90852132E-04
  -15.9000006       1.07701938E-03
  -15.8000002       1.17068214E-03
  -15.6999998       1.27248920E-03
  -15.6000004       1.38314848E-03
  -15.5000000       1.50343368E-03
  -15.4000006       1.63417647E-03
  -15.3000002       1.77629071E-03
  -15.1999998       1.93076371E-03
  -15.1000004       2.09867046E-03
  -15.0000000       2.28117872E-03
  -14.9000006       2.47955648E-03
  -14.8000002       2.69519095E-03
  -14.6999998       2.92957481E-03
  -14.6000004       3.18433903E-03
  -14.5000000       3.46126431E-03
  -14.4000006       3.76226567E-03
  -14.3000002       4.08944674E-03
  -14.1999998       4.44508065E-03
  -14.1000004       4.83164191E-03
  -14.0000000       5.25181973E-03
  -13.9000006       5.70853846E-03
  -13.8000002       6.20497437E-03
  -13.6999998       6.74458314E-03
  -13.6000004       7.33111054E-03
  -13.5000000       7.96865951E-03
  -13.4000006       8.66163615E-03
  -13.3000002       9.41488519E-03
  -13.1999998       1.02336500E-02
  -13.1000004       1.11235958E-02
  -13.0000000       1.20909465E-02
  -12.9000006       1.31424218E-02
  -12.8000002       1.42853372E-02
  -12.6999998       1.55276451E-02
  -12.6000004       1.68779716E-02
  -12.5000000       1.83457620E-02
  -12.4000006       1.99411605E-02
  -12.3000002       2.16753222E-02
  -12.1999998       2.35603135E-02
  -12.1000004       2.56091841E-02
  -12.0000000       2.78362557E-02
  -11.9000006       3.02570015E-02
  -11.8000002       3.28882672E-02
  -11.6999998       3.57483551E-02
  -11.6000004       3.88571694E-02
  -11.5000000       4.22363393E-02
  -11.4000006       4.59093265E-02
  -11.3000002       4.99017760E-02
  -11.1999998       5.42414822E-02
  -11.1000004       5.89584708E-02
  -11.0000000       6.40857220E-02
  -10.9000006       6.96588606E-02
  -10.8000002       7.57166669E-02
  -10.6999998       8.23012739E-02
  -10.6000004       8.94585177E-02
  -10.5000000       9.72381681E-02
  -10.4000006      0.105694264    
  -10.3000002      0.114885852    
  -10.1999998      0.124876872    
  -10.1000004      0.135736525    
  -10.0000000      0.147540689    
  -9.90000057      0.160371393    
  -9.80000019      0.174317881    
  -9.69999981      0.189477250    
  -9.60000038      0.205954924    
  -9.50000000      0.223865554    
  -9.40000057      0.240158483    
  -9.30000019      0.253851086    
  -9.19999981      0.267492890    
  -9.10000038      0.281081289    
  -9.00000000      0.294613689    
  -8.90000057      0.308087021    
  -8.80000019      0.321499079    
  -8.69999981      0.334846944    
  -8.60000038      0.348127693    
  -8.50000000      0.361339182    
  -8.40000057      0.374478310    
  -8.30000019      0.387542874    
  -8.19999981      0.400530070    
  -8.10000038      0.413437068    
  -8.00000000      0.426261723    
  -7.90000010      0.439001173    
  -7.80000019      0.451652944    
  -7.70000029      0.464214563    
  -7.59999990      0.476683587    
  -7.50000000      0.489057332    
  -7.40000010      0.501333416    
  -7.30000019      0.513509393    
  -7.20000029      0.525582969    
  -7.09999990      0.537551522    
  -7.00000000      0.549412727    
  -6.90000010      0.561164260    
  -6.80000019      0.572803676    
  -6.70000029      0.584328771    
  -6.59999990      0.595737278    
  -6.50000000      0.607026696    
  -6.40000010      0.618194938    
  -6.30000019      0.629239798    
  -6.20000029      0.640159011    
  -6.09999990      0.650950372    
  -6.00000000      0.661611855    
  -5.90000010      0.672141135    
  -5.80000019      0.682536185    
  -5.70000029      0.692794979    
  -5.59999990      0.702915549    
  -5.50000000      0.712895632    
  -5.40000010      0.722733438    
  -5.30000019      0.732426882    
  -5.20000029      0.741974175    
  -5.09999990      0.751373291    
  -5.00000000      0.760622382    
  -4.90000010      0.769719541    
  -4.80000019      0.778663099    
  -4.70000029      0.787451088    
  -4.59999990      0.796081960    
  -4.50000000      0.804553807    
  -4.40000010      0.812865019    
  -4.30000019      0.821013927    
  -4.20000029      0.828998864    
  -4.09999990      0.836818397    
  -4.00000000      0.844470739    
  -3.90000010      0.851954520    
  -3.79999995      0.859268188    
  -3.70000005      0.866410255    
  -3.60000014      0.873379350    
  -3.50000000      0.880174041    
  -3.40000010      0.886793017    
  -3.29999995      0.893234909    
  -3.20000005      0.899498463    
  -3.10000014      0.905582428    
  -3.00000000      0.911485553    
  -2.90000010      0.917206705    
  -2.79999995      0.922744691    
  -2.70000005      0.928098440    
  -2.60000014      0.933266878    
  -2.50000000      0.938248992    
  -2.40000010      0.943043768    
  -2.29999995      0.947650254    
  -2.20000005      0.952067494    
  -2.10000014      0.956294656    
  -2.00000000      0.960330844    
  -1.89999998      0.964175344    
  -1.80000007      0.967827320    
  -1.70000005      0.971285999    
  -1.60000002      0.974550784    
  -1.50000000      0.977620959    
  -1.39999998      0.980495989    
  -1.30000007      0.983175159    
  -1.20000005      0.985658109    
  -1.10000002      0.987944186    
  -1.00000000      0.990033031    
 -0.900000036      0.991924226    
 -0.800000012      0.993617356    
 -0.699999988      0.995112062    
 -0.600000024      0.996408045    
 -0.500000000      0.997505128    
 -0.400000006      0.998403072    
 -0.300000012      0.999101639    
 -0.200000003      0.999600708    
 -0.100000001      0.999900162    
   0.00000000       1.00000000    
  0.100000001      0.999900162    
  0.200000003      0.999600708    
  0.300000012      0.999101639    
  0.400000006      0.998403072    
  0.500000000      0.997505128    
  0.600000024      0.996408045    
  0.699999988      0.995112062    
  0.800000012      0.993617356    
  0.900000036      0.991924226    
   1.00000000      0.990033031    
   1.10000002      0.987944186    
   1.20000005      0.985658109    
   1.30000007      0.983175159    
   1.39999998      0.980495989    
   1.50000000      0.977620959    
   1.60000002      0.974550784    
   1.70000005      0.971285999    
   1.80000007      0.967827320    
   1.89999998      0.964175344    
   2.00000000      0.960330844    
   2.10000014      0.956294656    
   2.20000005      0.952067494    
   2.29999995      0.947650254    
   2.40000010      0.943043768    
   2.50000000      0.938248992    
   2.60000014      0.933266878    
   2.70000005      0.928098440    
   2.79999995      0.922744691    
   2.90000010      0.917206705    
   3.00000000      0.911485553    
   3.10000014      0.905582428    
   3.20000005      0.899498463    
   3.29999995      0.893234909    
   3.40000010      0.886793017    
   3.50000000      0.880174041    
   3.60000014      0.873379350    
   3.70000005      0.866410255    
   3.79999995      0.859268188    
   3.90000010      0.851954520    
   4.00000000      0.844470739    
   4.09999990      0.836818397    
   4.20000029      0.828998864    
   4.30000019      0.821013927    
   4.40000010      0.812865019    
   4.50000000      0.804553807    
   4.59999990      0.796081960    
   4.70000029      0.787451088    
   4.80000019      0.778663099    
   4.90000010      0.769719541    
   5.00000000      0.760622382    
   5.09999990      0.751373291    
   5.20000029      0.741974175    
   5.30000019      0.732426882    
   5.40000010      0.722733438    
   5.50000000      0.712895632    
   5.59999990      0.702915549    
   5.70000029      0.692794979    
   5.80000019      0.682536185    
   5.90000010      0.672141135    
   6.00000000      0.661611855    
   6.09999990      0.650950372    
   6.20000029      0.640159011    
   6.30000019      0.629239798    
   6.40000010      0.618194938    
   6.50000000      0.607026696    
   6.59999990      0.595737278    
   6.70000029      0.584328771    
   6.80000019      0.572803676    
   6.90000010      0.561164260    
   7.00000000      0.549412727    
   7.09999990      0.537551522    
   7.20000029      0.525582969    
   7.30000019      0.513509393    
   7.40000010      0.501333416    
   7.50000000      0.489057332    
   7.59999990      0.476683587    
   7.70000029      0.464214563    
   7.80000019      0.451652944    
   7.90000010      0.439001173    
   8.00000000      0.426261723    
   8.10000038      0.413437068    
   8.19999981      0.400530070    
   8.30000019      0.387542874    
   8.40000057      0.374478310    
   8.50000000      0.361339182    
   8.60000038      0.348127693    
   8.69999981      0.334846944    
   8.80000019      0.321499079    
   8.90000057      0.308087021    
   9.00000000      0.294613689    
   9.10000038      0.281081289    
   9.19999981      0.267492890    
   9.30000019      0.253851086    
   9.40000057      0.240158483    
   9.50000000      0.223865554    
   9.60000038      0.205954924    
   9.69999981      0.189477250    
   9.80000019      0.174317881    
   9.90000057      0.160371393    
   10.0000000      0.147540689    
   10.1000004      0.135736525    
   10.1999998      0.124876872    
   10.3000002      0.114885852    
   10.4000006      0.105694264    
   10.5000000       9.72381681E-02
   10.6000004       8.94585177E-02
   10.6999998       8.23012739E-02
   10.8000002       7.57166669E-02
   10.9000006       6.96588606E-02
   11.0000000       6.40857220E-02
   11.1000004       5.89584708E-02
   11.1999998       5.42414822E-02
   11.3000002       4.99017760E-02
   11.4000006       4.59093265E-02
   11.5000000       4.22363393E-02
   11.6000004       3.88571694E-02
   11.6999998       3.57483551E-02
   11.8000002       3.28882672E-02
   11.9000006       3.02570015E-02
   12.0000000       2.78362557E-02
   12.1000004       2.56091841E-02
   12.1999998       2.35603135E-02
   12.3000002       2.16753222E-02
   12.4000006       1.99411605E-02
   12.5000000       1.83457620E-02
   12.6000004       1.68779716E-02
   12.6999998       1.55276451E-02
   12.8000002       1.42853372E-02
   12.9000006       1.31424218E-02
   13.0000000       1.20909465E-02
   13.1000004       1.11235958E-02
   13.1999998       1.02336500E-02
   13.3000002       9.41488519E-03
   13.4000006       8.66163615E-03
   13.5000000       7.96865951E-03
   13.6000004       7.33111054E-03
   13.6999998       6.74458314E-03
   13.8000002       6.20497437E-03
   13.9000006       5.70853846E-03
   14.0000000       5.25181973E-03
   14.1000004       4.83164191E-03
   14.1999998       4.44508065E-03
   14.3000002       4.08944674E-03
   14.4000006       3.76226567E-03
   14.5000000       3.46126431E-03
   14.6000004       3.18433903E-03
   14.6999998       2.92957481E-03
   14.8000002       2.69519095E-03
   14.9000006       2.47955648E-03
   15.0000000       2.28117872E-03
   15.1000004       2.09867046E-03
   15.1999998       1.93076371E-03
   15.3000002       1.77629071E-03
   15.4000006       1.63417647E-03
   15.5000000       1.50343368E-03
   15.6000004       1.38314848E-03
   15.6999998       1.27248920E-03
   15.8000002       1.17068214E-03
   15.9000006       1.07701938E-03
   16.0000000       9.90852132E-04
   16.1000004       9.11577779E-04
   16.2000008       8.38645967E-04
   16.3000011       7.71548366E-04
   16.3999996       7.09821063E-04
   16.5000000       6.53030351E-04
   16.6000004       6.00783911E-04
   16.7000008       5.52717480E-04
   16.8000011       5.08496654E-04
   16.8999996       4.67814214E-04
   17.0000000       4.30386193E-04
   17.1000004       3.95952637E-04
   17.2000008       3.64273641E-04
   17.3000011       3.35129473E-04
   17.3999996       3.08317627E-04
   17.5000000       2.83650064E-04
   17.6000004       2.60956294E-04
   17.7000008       2.40078181E-04
   17.8000011       2.20870439E-04
   17.8999996       2.03199626E-04
   18.0000000       1.86942401E-04
   18.1000004       1.71985870E-04
   18.2000008       1.58225768E-04
   18.3000011       1.45566737E-04
   18.3999996       1.33920752E-04
   18.5000000       1.23206148E-04
   18.6000004       1.13348891E-04
   18.7000008       1.04280283E-04
   18.8000011       9.59372192E-05
   18.8999996       8.82617314E-05
   19.0000000       8.12002472E-05
   19.1000004       7.47037266E-05
   19.2000008       6.87269639E-05
   19.3000011       6.32283263E-05
   19.3999996       5.81697204E-05
   19.5000000       5.35158360E-05
   19.6000004       4.92341896E-05
   19.7000008       4.52951099E-05
   19.8000011       4.16712573E-05
   19.8999996       3.83373372E-05
   20.0000000       3.52700772E-05
   20.1000004       3.24482862E-05
   20.2000008       2.98521936E-05
   20.3000011       2.74638587E-05
   20.3999996       2.52666050E-05
   20.5000000       2.32450984E-05
   20.6000004       2.13853255E-05
   20.7000008       1.96743858E-05
   20.8000011       1.81002961E-05
   20.8999996       1.66521768E-05
   21.0000000       1.53199144E-05
   21.1000004       1.40942138E-05
   21.2000008       1.29666014E-05
   21.3000011       1.19291826E-05
   21.3999996       1.09747843E-05
   21.5000000       1.00967427E-05
   21.6000004       9.28893314E-06
   21.7000008       8.54575228E-06
   21.8000011       7.86204691E-06
   21.8999996       7.23304129E-06
   22.0000000       6.65434709E-06
   22.1000004       6.12196391E-06
   22.2000008       5.63216327E-06
   22.3000011       5.18155048E-06
   22.3999996       4.76700825E-06
   22.5000000       4.38561392E-06
   22.6000004       4.03473405E-06
   22.7000008       3.71193369E-06
   22.8000011       3.41495297E-06
   22.8999996       3.14173849E-06
   23.0000000       2.89038258E-06
   23.1000004       2.65913172E-06
   23.2000008       2.44638727E-06
   23.3000011       2.25065878E-06
   23.3999996       2.07059429E-06
   23.5000000       1.90493563E-06
   23.6000004       1.75252740E-06
   23.7000008       1.61231287E-06
   23.8000011       1.48331924E-06
   23.8999996       1.36464587E-06
   24.0000000       1.25546455E-06
   24.1000004       1.15502064E-06
   24.2000008       1.06261098E-06
   24.3000011       9.77594595E-07
   24.3999996       8.99383451E-07
   24.5000000       8.27426504E-07
   24.6000004       7.61226488E-07
   24.7000008       7.00324392E-07
   24.8000011       6.44293436E-07
   24.8999996       5.92746574E-07
   25.0000000       5.45323701E-07
   25.1000004       5.01693933E-07
   25.2000008       4.61554890E-07
   25.3000011       4.24628041E-07
   25.3999996       3.90655572E-07
   25.5000000       3.59400360E-07
   25.6000004       3.30646429E-07
   25.7000008       3.04192355E-07
   25.8000011       2.79855385E-07
   25.8999996       2.57465445E-07
   26.0000000       2.36866398E-07
   26.1000004       2.17915840E-07
   26.2000008       2.00481040E-07
   26.3000011       1.84441120E-07
   26.3999996       1.69685194E-07
   26.5000000       1.56109181E-07
   26.6000004       1.43619346E-07
   26.7000008       1.32129017E-07
   26.8000011       1.21557775E-07
   26.8999996       1.11832499E-07
   27.0000000       1.02885309E-07
   27.1000004       9.46537639E-08
   27.2000008       8.70807924E-08
   27.3000011       8.01138711E-08
   27.3999996       7.37043351E-08
   27.5000000       6.78074628E-08
   27.6000004       6.23825116E-08
   27.7000008       5.73914676E-08
   27.8000011       5.27998445E-08
   27.8999996       4.85755756E-08
   28.0000000       4.46891910E-08
   28.1000004       4.11138146E-08
   28.2000008       3.78244209E-08
   28.3000011       3.47982017E-08
   28.3999996       3.20141602E-08
   28.5000000       2.94528579E-08
   28.6000004       2.70964211E-08
   28.7000008       2.49285641E-08
   28.8000011       2.29341008E-08
   28.8999996       2.10992521E-08
   29.0000000       1.94112015E-08
   29.1000004       1.78581665E-08
   29.2000008       1.64293876E-08
   29.3000011       1.51149493E-08
   29.3999996       1.39056731E-08
   29.5000000       1.27931212E-08
   29.6000004       1.17696031E-08
   29.7000008       1.08279519E-08
   29.8000011       9.96164040E-09
   29.8999996       9.16467258E-09
   30.0000000       8.43143511E-09
   30.1000004       7.75686004E-09
   30.2000008       7.13627024E-09
   30.3000011       6.56531851E-09
   30.3999996       6.04005823E-09
   30.5000000       5.55682167E-09
   30.6000004       5.11223641E-09
   30.7000008       4.70323069E-09
   30.8000011       4.32693881E-09
   30.8999996       3.98076061E-09
   31.0000000       3.66227870E-09
   31.1000004       3.36927042E-09
   31.2000008       3.09970538E-09
   31.3000011       2.85171220E-09
   31.3999996       2.62356026E-09
   31.5000000       2.41365683E-09
   31.6000004       2.22055152E-09
   31.7000008       2.04289163E-09
   31.8000011       1.87944593E-09
   31.8999996       1.72908354E-09
   32.0000000       1.59074476E-09
   32.1000023       1.46347401E-09
   32.2000008       1.34638822E-09
   32.2999992       1.23867006E-09
   32.4000015       1.13956777E-09
   32.5000000       1.04839626E-09
   32.6000023       9.64515356E-10
   32.7000008       8.87348972E-10
   32.7999992       8.16357870E-10
   32.9000015       7.51042062E-10
   33.0000000       6.90954738E-10
   33.1000023       6.35673458E-10
   33.2000008       5.84816195E-10
   33.2999992       5.38027789E-10
   33.4000015       4.94981778E-10
   33.5000000       4.55380622E-10
   33.6000023       4.18946960E-10
   33.7000008       3.85428967E-10
   33.7999992       3.54592605E-10
   33.9000015       3.26222688E-10
   34.0000000       3.00123176E-10
   34.1000023       2.76110662E-10
   34.2000008       2.54020832E-10
   34.2999992       2.33697811E-10
   34.4000015       2.14999921E-10
   34.5000000       1.97799166E-10
   34.6000023       1.81973492E-10
   34.7000008       1.67414638E-10
   34.7999992       1.54020879E-10
   34.9000015       1.41697848E-10
   35.0000000       1.30361263E-10
   35.1000023       1.19931454E-10
   35.2000008       1.10336296E-10
   35.2999992       1.01508801E-10
   35.4000015       9.33873881E-11
   35.5000000       8.59159063E-11
   35.6000023       7.90420229E-11
   35.7000008       7.27182412E-11
   35.7999992       6.69003949E-11
   35.9000015       6.15478918E-11
   36.0000000       5.66237335E-11
   36.1000023       5.20933366E-11
   36.2000008       4.79256843E-11
   36.2999992       4.40913764E-11
   36.4000015       4.05636774E-11
   36.5000000       3.73184365E-11
   36.6000023       3.43326340E-11
   36.7000008       3.15858416E-11
   36.7999992       2.90588630E-11
   36.9000015       2.67338963E-11
   37.0000000       2.45950430E-11
   37.1000023       2.26272664E-11
   37.2000008       2.08169645E-11
   37.2999992       1.91514981E-11
   37.4000015       1.76192411E-11
   37.5000000       1.62096100E-11
   37.6000023       1.49127256E-11
   37.7000008       1.37196287E-11
   37.7999992       1.26219859E-11
   37.9000015       1.16121383E-11
   38.0000000       1.06831054E-11
   38.1000023       9.82836295E-12
   38.2000008       9.04205877E-12
   38.2999992       8.31864612E-12
   38.4000015       7.65309604E-12
   38.5000000       7.04079416E-12
   38.6000023       6.47748044E-12
   38.7000008       5.95925956E-12
   38.7999992       5.48247645E-12
   38.9000015       5.04383991E-12
   39.0000000       4.64031461E-12
   39.1000023       4.26904042E-12
   39.2000008       3.92750199E-12
   39.2999992       3.61328784E-12
   39.4000015       3.32418685E-12
   39.5000000       3.05823986E-12
   39.6000023       2.81355928E-12
   39.7000008       2.58845462E-12
   39.7999992       2.38136919E-12
   39.9000015       2.19084278E-12
   40.0000000       2.01555981E-12
   40.1000023       1.85430078E-12
   40.2000008       1.70595016E-12
   40.2999992       1.56946212E-12
   40.4000015       1.44389405E-12
   40.5000000       1.32837740E-12
   40.6000023       1.22209784E-12
   40.7000008       1.12432145E-12
   40.7999992       1.03437170E-12
   40.9000015       9.51614655E-13
   41.0000000       8.75478726E-13
   41.1000023       8.05434333E-13
   41.2000008       7.40993855E-13
   41.2999992       6.81711740E-13
   41.4000015       6.27169974E-13
   41.5000000       5.76991905E-13
   41.6000023       5.30828528E-13
   41.7000008       4.88360329E-13
   41.7999992       4.49288068E-13
   41.9000015       4.13341860E-13
   42.0000000       3.80273043E-13
   42.1000023       3.49848487E-13
   42.2000008       3.21858154E-13
   42.2999992       2.96108380E-13
   42.4000015       2.72417614E-13
   42.5000000       2.50622277E-13
   42.6000023       2.30570717E-13
   42.7000008       2.12124250E-13
   42.7999992       1.95152813E-13
   42.9000015       1.79539204E-13
   43.0000000       1.65175436E-13
   43.1000023       1.51959649E-13
   43.2000008       1.39802341E-13
   43.2999992       1.28617657E-13
   43.4000015       1.18326884E-13
   43.5000000       1.08860315E-13
   43.6000023       1.00150716E-13
   43.7000008       9.21379604E-14
   43.7999992       8.47665918E-14
   43.9000015       7.79846700E-14
   44.0000000       7.17453440E-14
   44.1000023       6.60052050E-14
   44.2000008       6.07245577E-14
   44.2999992       5.58661665E-14
   44.4000015       5.13964786E-14
   44.5000000       4.72845775E-14
   44.6000023       4.35013082E-14
   44.7000008       4.00210531E-14
   44.7999992       3.68192246E-14
   44.9000015       3.38732982E-14
   45.0000000       3.11633145E-14
   45.1000023       2.86700290E-14
   45.2000008       2.63762248E-14
   45.2999992       2.42660320E-14
   45.4000015       2.23245799E-14
   45.5000000       2.05384551E-14
   45.6000023       1.88952332E-14
   45.7000008       1.73835471E-14
   45.7999992       1.59927410E-14
   45.9000015       1.47132079E-14
   46.0000000       1.35360998E-14
   46.1000023       1.24531165E-14
   46.2000008       1.14567796E-14
   46.2999992       1.05401959E-14
   46.4000015       9.69690518E-15
   46.5000000       8.92108568E-15
   46.6000023       8.20733506E-15
   46.7000008       7.55071935E-15
   46.7999992       6.94660826E-15
   46.9000015       6.39083055E-15
   47.0000000       5.87954156E-15
   47.1000023       5.40911598E-15
   47.2000008       4.97636769E-15
   47.2999992       4.57824061E-15
   47.4000015       4.21193316E-15
   47.5000000       3.87496355E-15
   47.6000023       3.56493891E-15
   47.7000008       3.27971877E-15
   47.7999992       3.01732956E-15
   47.9000015       2.77592179E-15
   48.0000000       2.55382848E-15
   48.1000023       2.34950444E-15
   48.2000008       2.16153554E-15
   48.2999992       1.98859746E-15
   48.4000015       1.82949566E-15
   48.5000000       1.68312943E-15
   48.6000023       1.54846135E-15
   48.7000008       1.42457887E-15
   48.7999992       1.31060751E-15
   48.9000015       1.20574505E-15
   49.0000000       1.10928123E-15
   49.1000023       1.02053092E-15
   49.2000008       9.38881177E-16
   49.2999992       8.63767354E-16
   49.4000015       7.94659894E-16
   49.5000000       7.31081495E-16
   49.6000023       6.72589847E-16
   49.7000008       6.18780226E-16
   49.7999992       5.69273427E-16
   49.9000015       5.23727565E-16
   50.0000000       4.81827492E-16
