  -50.0000000       1.44485027E-16
  -49.9000015       1.57049557E-16
  -49.7999992       1.70707341E-16
  -49.7000008       1.85552877E-16
  -49.6000023       2.01688709E-16
  -49.5000000       2.19228525E-16
  -49.4000015       2.38293714E-16
  -49.2999992       2.59016878E-16
  -49.2000008       2.81541152E-16
  -49.1000023       3.06025381E-16
  -49.0000000       3.32638812E-16
  -48.9000015       3.61565304E-16
  -48.7999992       3.93010291E-16
  -48.7000008       4.27186747E-16
  -48.6000023       4.64335256E-16
  -48.5000000       5.04717975E-16
  -48.4000015       5.48608629E-16
  -48.2999992       5.96318342E-16
  -48.2000008       6.48177034E-16
  -48.1000023       7.04543053E-16
  -48.0000000       7.65813446E-16
  -47.9000015       8.32412312E-16
  -47.7999992       9.04802924E-16
  -47.7000008       9.83485296E-16
  -47.6000023       1.06901392E-15
  -47.5000000       1.16198066E-15
  -47.4000015       1.26302734E-15
  -47.2999992       1.37287153E-15
  -47.2000008       1.49225733E-15
  -47.1000023       1.62202511E-15
  -47.0000000       1.76309103E-15
  -46.9000015       1.91641056E-15
  -46.7999992       2.08307107E-15
  -46.7000008       2.26422516E-15
  -46.6000023       2.46112368E-15
  -46.5000000       2.67515515E-15
  -46.4000015       2.90779931E-15
  -46.2999992       3.16067591E-15
  -46.2000008       3.43553069E-15
  -46.1000023       3.73430103E-15
  -46.0000000       4.05905388E-15
  -45.9000015       4.41203199E-15
  -45.7999992       4.79572394E-15
  -45.7000008       5.21278306E-15
  -45.6000023       5.66609095E-15
  -45.5000000       6.15884178E-15
  -45.4000015       6.69444485E-15
  -45.2999992       7.27662542E-15
  -45.2000008       7.90940647E-15
  -45.1000023       8.59724720E-15
  -45.0000000       9.34490539E-15
  -44.9000015       1.01575454E-14
  -44.7999992       1.10409364E-14
  -44.7000008       1.20010652E-14
  -44.6000023       1.30446852E-14
  -44.5000000       1.41791689E-14
  -44.4000015       1.54121999E-14
  -44.2999992       1.67525194E-14
  -44.2000008       1.82093991E-14
  -44.1000023       1.97929018E-14
  -44.0000000       2.15141896E-14
  -43.9000015       2.33851685E-14
  -43.7999992       2.54188557E-14
  -43.7000008       2.76292982E-14
  -43.6000023       3.00320749E-14
  -43.5000000       3.26438129E-14
  -43.4000015       3.54825388E-14
  -43.2999992       3.85684221E-14
  -43.2000008       4.19223575E-14
  -43.1000023       4.55679568E-14
  -43.0000000       4.95309597E-14
  -42.9000015       5.38382036E-14
  -42.7999992       5.85202392E-14
  -42.7000008       6.36094435E-14
  -42.6000023       6.91409617E-14
  -42.5000000       7.51537978E-14
  -42.4000015       8.16895379E-14
  -42.2999992       8.87936643E-14
  -42.2000008       9.65152166E-14
  -42.1000023       1.04908642E-13
  -42.0000000       1.14032021E-13
  -41.9000015       1.23948323E-13
  -41.7999992       1.34727475E-13
  -41.7000008       1.46444028E-13
  -41.6000023       1.59178904E-13
  -41.5000000       1.73021862E-13
  -41.4000015       1.88068704E-13
  -41.2999992       2.04424070E-13
  -41.2000008       2.22200933E-13
  -41.1000023       2.41524628E-13
  -41.0000000       2.62528741E-13
  -40.9000015       2.85359545E-13
  -40.7999992       3.10175795E-13
  -40.7000008       3.37148901E-13
  -40.6000023       3.66469008E-13
  -40.5000000       3.98338941E-13
  -40.4000015       4.32978767E-13
  -40.2999992       4.70632702E-13
  -40.2000008       5.11561225E-13
  -40.1000023       5.56046962E-13
  -40.0000000       6.04403463E-13
  -39.9000015       6.56965368E-13
  -39.7999992       7.14098323E-13
  -39.7000008       7.76196761E-13
  -39.6000023       8.43698646E-13
  -39.5000000       9.17070673E-13
  -39.4000015       9.96819923E-13
  -39.2999992       1.08351229E-12
  -39.2000008       1.17773532E-12
  -39.1000023       1.28015198E-12
  -39.0000000       1.39148556E-12
  -38.9000015       1.51249022E-12
  -38.7999992       1.64402357E-12
  -38.7000008       1.78699601E-12
  -38.6000023       1.94239416E-12
  -38.5000000       2.11131438E-12
  -38.4000015       2.29492467E-12
  -38.2999992       2.49450243E-12
  -38.2000008       2.71143134E-12
  -38.1000023       2.94721929E-12
  -38.0000000       3.20352989E-12
  -37.9000015       3.48211781E-12
  -37.7999992       3.78493981E-12
  -37.7000008       4.11408841E-12
  -37.6000023       4.47186082E-12
  -37.5000000       4.86075633E-12
  -37.4000015       5.28346073E-12
  -37.2999992       5.74293651E-12
  -37.2000008       6.24235819E-12
  -37.1000023       6.78521085E-12
  -37.0000000       7.37528615E-12
  -36.9000015       8.01666112E-12
  -36.7999992       8.71384648E-12
  -36.7000008       9.47160839E-12
  -36.6000023       1.02952855E-11
  -36.5000000       1.11906344E-11
  -36.4000015       1.21637813E-11
  -36.2999992       1.32216278E-11
  -36.2000008       1.43714173E-11
  -36.1000023       1.56211658E-11
  -36.0000000       1.69796902E-11
  -35.9000015       1.84562921E-11
  -35.7999992       2.00613415E-11
  -35.7000008       2.18059303E-11
  -35.6000023       2.37022364E-11
  -35.5000000       2.57634990E-11
  -35.4000015       2.80039637E-11
  -35.2999992       3.04393212E-11
  -35.2000008       3.30864121E-11
  -35.1000023       3.59637008E-11
  -35.0000000       3.90912754E-11
  -34.9000015       4.24907609E-11
  -34.7999992       4.61860550E-11
  -34.7000008       5.02024255E-11
  -34.6000023       5.45681729E-11
  -34.5000000       5.93137969E-11
  -34.4000015       6.44717682E-11
  -34.2999992       7.00786790E-11
  -34.2000008       7.61729221E-11
  -34.1000023       8.27969707E-11
  -34.0000000       8.99975719E-11
  -33.9000015       9.78240058E-11
  -33.7999992       1.06331256E-10
  -33.7000008       1.15578117E-10
  -33.6000023       1.25629118E-10
  -33.5000000       1.36554434E-10
  -33.4000015       1.48429588E-10
  -33.2999992       1.61337749E-10
  -33.2000008       1.75368123E-10
  -33.1000023       1.90618632E-10
  -33.0000000       2.07195761E-10
  -32.9000015       2.25214070E-10
  -32.7999992       2.44800236E-10
  -32.7000008       2.66088263E-10
  -32.6000023       2.89228058E-10
  -32.5000000       3.14381327E-10
  -32.4000015       3.41720818E-10
  -32.2999992       3.71438491E-10
  -32.2000008       4.03739819E-10
  -32.1000023       4.38850178E-10
  -32.0000000       4.77014706E-10
  -31.8999996       5.18498189E-10
  -31.8000011       5.63587177E-10
  -31.7000008       6.12599471E-10
  -31.6000004       6.65874078E-10
  -31.5000000       7.23780369E-10
  -31.3999996       7.86723853E-10
  -31.3000011       8.55139515E-10
  -31.2000008       9.29504917E-10
  -31.1000004       1.01033903E-09
  -31.0000000       1.09820308E-09
  -30.8999996       1.19370591E-09
  -30.8000011       1.29751387E-09
  -30.7000008       1.41035206E-09
  -30.6000004       1.53300017E-09
  -30.5000000       1.66631742E-09
  -30.3999996       1.81122495E-09
  -30.3000011       1.96873406E-09
  -30.2000008       2.13994467E-09
  -30.1000004       2.32604025E-09
  -30.0000000       2.52832422E-09
  -29.8999996       2.74819922E-09
  -29.8000011       2.98718517E-09
  -29.7000008       3.24696492E-09
  -29.6000004       3.52933660E-09
  -29.5000000       3.83625798E-09
  -29.3999996       4.16987733E-09
  -29.3000011       4.53250149E-09
  -29.2000008       4.92666041E-09
  -29.1000004       5.35510702E-09
  -29.0000000       5.82081361E-09
  -28.8999996       6.32700736E-09
  -28.8000011       6.87722101E-09
  -28.7000008       7.47529860E-09
  -28.6000004       8.12537149E-09
  -28.5000000       8.83199291E-09
  -28.3999996       9.60004787E-09
  -28.3000011       1.04348947E-08
  -28.2000008       1.13423635E-08
  -28.1000004       1.23287496E-08
  -28.0000000       1.34008937E-08
  -27.8999996       1.45662993E-08
  -27.8000011       1.58330256E-08
  -27.7000008       1.72099099E-08
  -27.6000004       1.87065687E-08
  -27.5000000       2.03333421E-08
  -27.3999996       2.21016307E-08
  -27.3000011       2.40236506E-08
  -27.2000008       2.61128115E-08
  -27.1000004       2.83837096E-08
  -27.0000000       3.08520924E-08
  -26.8999996       3.35350769E-08
  -26.8000011       3.64513824E-08
  -26.7000008       3.96213693E-08
  -26.6000004       4.30669580E-08
  -26.5000000       4.68122714E-08
  -26.3999996       5.08832940E-08
  -26.3000011       5.53081350E-08
  -26.2000008       6.01180048E-08
  -26.1000004       6.53461569E-08
  -26.0000000       7.10288433E-08
  -25.8999996       7.72058542E-08
  -25.8000011       8.39198933E-08
  -25.7000008       9.12177924E-08
  -25.6000004       9.91505473E-08
  -25.5000000       1.07772955E-07
  -25.3999996       1.17145412E-07
  -25.3000011       1.27332697E-07
  -25.2000008       1.38405909E-07
  -25.1000004       1.50442347E-07
  -25.0000000       1.63525556E-07
  -24.8999996       1.77746202E-07
  -24.8000011       1.93203491E-07
  -24.7000008       2.10005425E-07
  -24.6000004       2.28268064E-07
  -24.5000000       2.48119392E-07
  -24.3999996       2.69697040E-07
  -24.3000011       2.93150123E-07
  -24.2000008       3.18643856E-07
  -24.1000004       3.46354653E-07
  -24.0000000       3.76474645E-07
  -23.8999996       4.09214721E-07
  -23.8000011       4.44801145E-07
  -23.7000008       4.83482324E-07
  -23.6000004       5.25528264E-07
  -23.5000000       5.71230771E-07
  -23.3999996       6.20906633E-07
  -23.3000011       6.74902310E-07
  -23.2000008       7.33595186E-07
  -23.1000004       7.97390612E-07
  -23.0000000       8.66735547E-07
  -22.8999996       9.42109352E-07
  -22.8000011       1.02403783E-06
  -22.7000008       1.11309305E-06
  -22.6000004       1.20989080E-06
  -22.5000000       1.31510876E-06
  -22.3999996       1.42947704E-06
  -22.3000011       1.55378530E-06
  -22.2000008       1.68890995E-06
  -22.1000004       1.83578595E-06
  -22.0000000       1.99543092E-06
  -21.8999996       2.16896342E-06
  -21.8000011       2.35758262E-06
  -21.7000008       2.56260432E-06
  -21.6000004       2.78546122E-06
  -21.5000000       3.02769809E-06
  -21.3999996       3.29099544E-06
  -21.3000011       3.57718955E-06
  -21.2000008       3.88827902E-06
  -21.1000004       4.22641506E-06
  -21.0000000       4.59396415E-06
  -20.8999996       4.99346834E-06
  -20.8000011       5.42771386E-06
  -20.7000008       5.89973433E-06
  -20.6000004       6.41279166E-06
  -20.5000000       6.97047972E-06
  -20.3999996       7.57666612E-06
  -20.3000011       8.23555456E-06
  -20.2000008       8.95174162E-06
  -20.1000004       9.73022816E-06
  -20.0000000       1.05763957E-05
  -19.8999996       1.14961713E-05
  -19.8000011       1.24959097E-05
  -19.7000008       1.35825903E-05
  -19.6000004       1.47637966E-05
  -19.5000000       1.60477284E-05
  -19.3999996       1.74432844E-05
  -19.3000011       1.89602015E-05
  -19.2000008       2.06090717E-05
  -19.1000004       2.24013165E-05
  -19.0000000       2.43494196E-05
  -18.8999996       2.64669379E-05
  -18.8000011       2.87685780E-05
  -18.7000008       3.12704033E-05
  -18.6000004       3.39897961E-05
  -18.5000000       3.69456793E-05
  -18.3999996       4.01586549E-05
  -18.3000011       4.36509217E-05
  -18.2000008       4.74469707E-05
  -18.1000004       5.15731954E-05
  -18.0000000       5.60581939E-05
  -17.8999996       6.09332274E-05
  -17.8000011       6.62321545E-05
  -17.7000008       7.19919553E-05
  -17.6000004       7.82526477E-05
  -17.5000000       8.50577999E-05
  -17.3999996       9.24548367E-05
  -17.3000011       1.00494872E-04
  -17.2000008       1.09234294E-04
  -17.1000004       1.18733842E-04
  -17.0000000       1.29059394E-04
  -16.8999996       1.40282878E-04
  -16.8000011       1.52482273E-04
  -16.7000008       1.65742720E-04
  -16.6000004       1.80156349E-04
  -16.5000000       1.95823421E-04
  -16.3999996       2.12853178E-04
  -16.3000011       2.31363272E-04
  -16.2000008       2.51483754E-04
  -16.1000004       2.73353740E-04
  -16.0000000       2.97125633E-04
  -15.9000006       3.22964508E-04
  -15.8000002       3.51051043E-04
  -15.6999998       3.81579797E-04
  -15.6000004       4.14763053E-04
  -15.5000000       4.50832857E-04
  -15.4000006       4.90038539E-04
  -15.3000002       5.32654172E-04
  -15.1999998       5.78975771E-04
  -15.1000004       6.29325805E-04
  -15.0000000       6.84054336E-04
  -14.9000006       7.43541634E-04
  -14.8000002       8.08203651E-04
  -14.6999998       8.78488063E-04
  -14.6000004       9.54883872E-04
  -14.5000000       1.03792513E-03
  -14.4000006       1.12818601E-03
  -14.3000002       1.22629746E-03
  -14.1999998       1.33294100E-03
  -14.1000004       1.44885865E-03
  -14.0000000       1.57485681E-03
  -13.9000006       1.71181257E-03
  -13.8000002       1.86067820E-03
  -13.6999998       2.02248991E-03
  -13.6000004       2.19837134E-03
  -13.5000000       2.38955230E-03
  -13.4000006       2.59735435E-03
  -13.3000002       2.82323034E-03
  -13.1999998       3.06875235E-03
  -13.1000004       3.33561911E-03
  -13.0000000       3.62569746E-03
  -12.9000006       3.94100230E-03
  -12.8000002       4.28372668E-03
  -12.6999998       4.65625618E-03
  -12.6000004       5.06117707E-03
  -12.5000000       5.50132152E-03
  -12.4000006       5.97973168E-03
  -12.3000002       6.49975287E-03
  -12.1999998       7.06500281E-03
  -12.1000004       7.67939491E-03
  -12.0000000       8.34722444E-03
  -11.9000006       9.07313079E-03
  -11.8000002       9.86216497E-03
  -11.6999998       1.07198162E-02
  -11.6000004       1.16520524E-02
  -11.5000000       1.26653602E-02
  -11.4000006       1.37667740E-02
  -11.3000002       1.49639854E-02
  -11.1999998       1.62653271E-02
  -11.1000004       1.76798049E-02
  -11.0000000       1.92173086E-02
  -10.9000006       2.08885185E-02
  -10.8000002       2.27050651E-02
  -10.6999998       2.46795844E-02
  -10.6000004       2.68258173E-02
  -10.5000000       2.91586928E-02
  -10.4000006       3.16944122E-02
  -10.3000002       3.44506800E-02
  -10.1999998       3.74466777E-02
  -10.1000004       4.07031476E-02
  -10.0000000       4.42428477E-02
  -9.90000057       4.80903760E-02
  -9.80000019       5.22724912E-02
  -9.69999981       5.68183139E-02
  -9.60000038       6.17594533E-02
  -9.50000000       6.71302900E-02
  -9.40000057       7.20160380E-02
  -9.30000019       7.61220157E-02
  -9.19999981       8.02127719E-02
  -9.10000038       8.42875093E-02
  -9.00000000       8.83454531E-02
  -8.90000057       9.23856795E-02
  -8.80000019       9.64075401E-02
  -8.69999981      0.100410149    
  -8.60000038      0.104392633    
  -8.50000000      0.108354345    
  -8.40000057      0.112294361    
  -8.30000019      0.116212010    
  -8.19999981      0.120106466    
  -8.10000038      0.123976871    
  -8.00000000      0.127822593    
  -7.90000010      0.131642759    
  -7.80000019      0.135436624    
  -7.70000029      0.139203459    
  -7.59999990      0.142942533    
  -7.50000000      0.146653026    
  -7.40000010      0.150334239    
  -7.30000019      0.153985441    
  -7.20000029      0.157605931    
  -7.09999990      0.161194921    
  -7.00000000      0.164751738    
  -6.90000010      0.168275654    
  -6.80000019      0.171765953    
  -6.70000029      0.175221965    
  -6.59999990      0.178643018    
  -6.50000000      0.182028368    
  -6.40000010      0.185377374    
  -6.30000019      0.188689381    
  -6.20000029      0.191963702    
  -6.09999990      0.195199698    
  -6.00000000      0.198396742    
  -5.90000010      0.201554149    
  -5.80000019      0.204671308    
  -5.70000029      0.207747594    
  -5.59999990      0.210782439    
  -5.50000000      0.213775158    
  -5.40000010      0.216725200    
  -5.30000019      0.219631970    
  -5.20000029      0.222494900    
  -5.09999990      0.225313395    
  -5.00000000      0.228086919    
  -4.90000010      0.230814874    
  -4.80000019      0.233496770    
  -4.70000029      0.236132011    
  -4.59999990      0.238720134    
  -4.50000000      0.241260573    
  -4.40000010      0.243752852    
  -4.30000019      0.246196449    
  -4.20000029      0.248590887    
  -4.09999990      0.250935733    
  -4.00000000      0.253230423    
  -3.90000010      0.255474567    
  -3.79999995      0.257667720    
  -3.70000005      0.259809405    
  -3.60000014      0.261899203    
  -3.50000000      0.263936728    
  -3.40000010      0.265921563    
  -3.29999995      0.267853260    
  -3.20000005      0.269731522    
  -3.10000014      0.271555901    
  -3.00000000      0.273326069    
  -2.90000010      0.275041670    
  -2.79999995      0.276702344    
  -2.70000005      0.278307766    
  -2.60000014      0.279857606    
  -2.50000000      0.281351596    
  -2.40000010      0.282789409    
  -2.29999995      0.284170747    
  -2.20000005      0.285495341    
  -2.10000014      0.286762923    
  -2.00000000      0.287973255    
  -1.89999998      0.289126098    
  -1.80000007      0.290221214    
  -1.70000005      0.291258365    
  -1.60000002      0.292237371    
  -1.50000000      0.293158025    
  -1.39999998      0.294020146    
  -1.30000007      0.294823557    
  -1.20000005      0.295568109    
  -1.10000002      0.296253622    
  -1.00000000      0.296880007    
 -0.900000036      0.297447115    
 -0.800000012      0.297954828    
 -0.699999988      0.298403054    
 -0.600000024      0.298791677    
 -0.500000000      0.299120665    
 -0.400000006      0.299389929    
 -0.300000012      0.299599409    
 -0.200000003      0.299749047    
 -0.100000001      0.299838841    
   0.00000000      0.299868792    
  0.100000001      0.299838841    
  0.200000003      0.299749047    
  0.300000012      0.299599409    
  0.400000006      0.299389929    
  0.500000000      0.299120665    
  0.600000024      0.298791677    
  0.699999988      0.298403054    
  0.800000012      0.297954828    
  0.900000036      0.297447115    
   1.00000000      0.296880007    
   1.10000002      0.296253622    
   1.20000005      0.295568109    
   1.30000007      0.294823557    
   1.39999998      0.294020146    
   1.50000000      0.293158025    
   1.60000002      0.292237371    
   1.70000005      0.291258365    
   1.80000007      0.290221214    
   1.89999998      0.289126098    
   2.00000000      0.287973255    
   2.10000014      0.286762923    
   2.20000005      0.285495341    
   2.29999995      0.284170747    
   2.40000010      0.282789409    
   2.50000000      0.281351596    
   2.60000014      0.279857606    
   2.70000005      0.278307766    
   2.79999995      0.276702344    
   2.90000010      0.275041670    
   3.00000000      0.273326069    
   3.10000014      0.271555901    
   3.20000005      0.269731522    
   3.29999995      0.267853260    
   3.40000010      0.265921563    
   3.50000000      0.263936728    
   3.60000014      0.261899203    
   3.70000005      0.259809405    
   3.79999995      0.257667720    
   3.90000010      0.255474567    
   4.00000000      0.253230423    
   4.09999990      0.250935733    
   4.20000029      0.248590887    
   4.30000019      0.246196449    
   4.40000010      0.243752852    
   4.50000000      0.241260573    
   4.59999990      0.238720134    
   4.70000029      0.236132011    
   4.80000019      0.233496770    
   4.90000010      0.230814874    
   5.00000000      0.228086919    
   5.09999990      0.225313395    
   5.20000029      0.222494900    
   5.30000019      0.219631970    
   5.40000010      0.216725200    
   5.50000000      0.213775158    
   5.59999990      0.210782439    
   5.70000029      0.207747594    
   5.80000019      0.204671308    
   5.90000010      0.201554149    
   6.00000000      0.198396742    
   6.09999990      0.195199698    
   6.20000029      0.191963702    
   6.30000019      0.188689381    
   6.40000010      0.185377374    
   6.50000000      0.182028368    
   6.59999990      0.178643018    
   6.70000029      0.175221965    
   6.80000019      0.171765953    
   6.90000010      0.168275654    
   7.00000000      0.164751738    
   7.09999990      0.161194921    
   7.20000029      0.157605931    
   7.30000019      0.153985441    
   7.40000010      0.150334239    
   7.50000000      0.146653026    
   7.59999990      0.142942533    
   7.70000029      0.139203459    
   7.80000019      0.135436624    
   7.90000010      0.131642759    
   8.00000000      0.127822593    
   8.10000038      0.123976871    
   8.19999981      0.120106466    
   8.30000019      0.116212010    
   8.40000057      0.112294361    
   8.50000000      0.108354345    
   8.60000038      0.104392633    
   8.69999981      0.100410149    
   8.80000019       9.64075401E-02
   8.90000057       9.23856795E-02
   9.00000000       8.83454531E-02
   9.10000038       8.42875093E-02
   9.19999981       8.02127719E-02
   9.30000019       7.61220157E-02
   9.40000057       7.20160380E-02
   9.50000000       6.71302900E-02
   9.60000038       6.17594533E-02
   9.69999981       5.68183139E-02
   9.80000019       5.22724912E-02
   9.90000057       4.80903760E-02
   10.0000000       4.42428477E-02
   10.1000004       4.07031476E-02
   10.1999998       3.74466777E-02
   10.3000002       3.44506800E-02
   10.4000006       3.16944122E-02
   10.5000000       2.91586928E-02
   10.6000004       2.68258173E-02
   10.6999998       2.46795844E-02
   10.8000002       2.27050651E-02
   10.9000006       2.08885185E-02
   11.0000000       1.92173086E-02
   11.1000004       1.76798049E-02
   11.1999998       1.62653271E-02
   11.3000002       1.49639854E-02
   11.4000006       1.37667740E-02
   11.5000000       1.26653602E-02
   11.6000004       1.16520524E-02
   11.6999998       1.07198162E-02
   11.8000002       9.86216497E-03
   11.9000006       9.07313079E-03
   12.0000000       8.34722444E-03
   12.1000004       7.67939491E-03
   12.1999998       7.06500281E-03
   12.3000002       6.49975287E-03
   12.4000006       5.97973168E-03
   12.5000000       5.50132152E-03
   12.6000004       5.06117707E-03
   12.6999998       4.65625618E-03
   12.8000002       4.28372668E-03
   12.9000006       3.94100230E-03
   13.0000000       3.62569746E-03
   13.1000004       3.33561911E-03
   13.1999998       3.06875235E-03
   13.3000002       2.82323034E-03
   13.4000006       2.59735435E-03
   13.5000000       2.38955230E-03
   13.6000004       2.19837134E-03
   13.6999998       2.02248991E-03
   13.8000002       1.86067820E-03
   13.9000006       1.71181257E-03
   14.0000000       1.57485681E-03
   14.1000004       1.44885865E-03
   14.1999998       1.33294100E-03
   14.3000002       1.22629746E-03
   14.4000006       1.12818601E-03
   14.5000000       1.03792513E-03
   14.6000004       9.54883872E-04
   14.6999998       8.78488063E-04
   14.8000002       8.08203651E-04
   14.9000006       7.43541634E-04
   15.0000000       6.84054336E-04
   15.1000004       6.29325805E-04
   15.1999998       5.78975771E-04
   15.3000002       5.32654172E-04
   15.4000006       4.90038539E-04
   15.5000000       4.50832857E-04
   15.6000004       4.14763053E-04
   15.6999998       3.81579797E-04
   15.8000002       3.51051043E-04
   15.9000006       3.22964508E-04
   16.0000000       2.97125633E-04
   16.1000004       2.73353740E-04
   16.2000008       2.51483754E-04
   16.3000011       2.31363272E-04
   16.3999996       2.12853178E-04
   16.5000000       1.95823421E-04
   16.6000004       1.80156349E-04
   16.7000008       1.65742720E-04
   16.8000011       1.52482273E-04
   16.8999996       1.40282878E-04
   17.0000000       1.29059394E-04
   17.1000004       1.18733842E-04
   17.2000008       1.09234294E-04
   17.3000011       1.00494872E-04
   17.3999996       9.24548367E-05
   17.5000000       8.50577999E-05
   17.6000004       7.82526477E-05
   17.7000008       7.19919553E-05
   17.8000011       6.62321545E-05
   17.8999996       6.09332274E-05
   18.0000000       5.60581939E-05
   18.1000004       5.15731954E-05
   18.2000008       4.74469707E-05
   18.3000011       4.36509217E-05
   18.3999996       4.01586549E-05
   18.5000000       3.69456793E-05
   18.6000004       3.39897961E-05
   18.7000008       3.12704033E-05
   18.8000011       2.87685780E-05
   18.8999996       2.64669379E-05
   19.0000000       2.43494196E-05
   19.1000004       2.24013165E-05
   19.2000008       2.06090717E-05
   19.3000011       1.89602015E-05
   19.3999996       1.74432844E-05
   19.5000000       1.60477284E-05
   19.6000004       1.47637966E-05
   19.7000008       1.35825903E-05
   19.8000011       1.24959097E-05
   19.8999996       1.14961713E-05
   20.0000000       1.05763957E-05
   20.1000004       9.73022816E-06
   20.2000008       8.95174162E-06
   20.3000011       8.23555456E-06
   20.3999996       7.57666612E-06
   20.5000000       6.97047972E-06
   20.6000004       6.41279166E-06
   20.7000008       5.89973433E-06
   20.8000011       5.42771386E-06
   20.8999996       4.99346834E-06
   21.0000000       4.59396415E-06
   21.1000004       4.22641506E-06
   21.2000008       3.88827902E-06
   21.3000011       3.57718955E-06
   21.3999996       3.29099544E-06
   21.5000000       3.02769809E-06
   21.6000004       2.78546122E-06
   21.7000008       2.56260432E-06
   21.8000011       2.35758262E-06
   21.8999996       2.16896342E-06
   22.0000000       1.99543092E-06
   22.1000004       1.83578595E-06
   22.2000008       1.68890995E-06
   22.3000011       1.55378530E-06
   22.3999996       1.42947704E-06
   22.5000000       1.31510876E-06
   22.6000004       1.20989080E-06
   22.7000008       1.11309305E-06
   22.8000011       1.02403783E-06
   22.8999996       9.42109352E-07
   23.0000000       8.66735547E-07
   23.1000004       7.97390612E-07
   23.2000008       7.33595186E-07
   23.3000011       6.74902310E-07
   23.3999996       6.20906633E-07
   23.5000000       5.71230771E-07
   23.6000004       5.25528264E-07
   23.7000008       4.83482324E-07
   23.8000011       4.44801145E-07
   23.8999996       4.09214721E-07
   24.0000000       3.76474645E-07
   24.1000004       3.46354653E-07
   24.2000008       3.18643856E-07
   24.3000011       2.93150123E-07
   24.3999996       2.69697040E-07
   24.5000000       2.48119392E-07
   24.6000004       2.28268064E-07
   24.7000008       2.10005425E-07
   24.8000011       1.93203491E-07
   24.8999996       1.77746202E-07
   25.0000000       1.63525556E-07
   25.1000004       1.50442347E-07
   25.2000008       1.38405909E-07
   25.3000011       1.27332697E-07
   25.3999996       1.17145412E-07
   25.5000000       1.07772955E-07
   25.6000004       9.91505473E-08
   25.7000008       9.12177924E-08
   25.8000011       8.39198933E-08
   25.8999996       7.72058542E-08
   26.0000000       7.10288433E-08
   26.1000004       6.53461569E-08
   26.2000008       6.01180048E-08
   26.3000011       5.53081350E-08
   26.3999996       5.08832940E-08
   26.5000000       4.68122714E-08
   26.6000004       4.30669580E-08
   26.7000008       3.96213693E-08
   26.8000011       3.64513824E-08
   26.8999996       3.35350769E-08
   27.0000000       3.08520924E-08
   27.1000004       2.83837096E-08
   27.2000008       2.61128115E-08
   27.3000011       2.40236506E-08
   27.3999996       2.21016307E-08
   27.5000000       2.03333421E-08
   27.6000004       1.87065687E-08
   27.7000008       1.72099099E-08
   27.8000011       1.58330256E-08
   27.8999996       1.45662993E-08
   28.0000000       1.34008937E-08
   28.1000004       1.23287496E-08
   28.2000008       1.13423635E-08
   28.3000011       1.04348947E-08
   28.3999996       9.60004787E-09
   28.5000000       8.83199291E-09
   28.6000004       8.12537149E-09
   28.7000008       7.47529860E-09
   28.8000011       6.87722101E-09
   28.8999996       6.32700736E-09
   29.0000000       5.82081361E-09
   29.1000004       5.35510702E-09
   29.2000008       4.92666041E-09
   29.3000011       4.53250149E-09
   29.3999996       4.16987733E-09
   29.5000000       3.83625798E-09
   29.6000004       3.52933660E-09
   29.7000008       3.24696492E-09
   29.8000011       2.98718517E-09
   29.8999996       2.74819922E-09
   30.0000000       2.52832422E-09
   30.1000004       2.32604025E-09
   30.2000008       2.13994467E-09
   30.3000011       1.96873406E-09
   30.3999996       1.81122495E-09
   30.5000000       1.66631742E-09
   30.6000004       1.53300017E-09
   30.7000008       1.41035206E-09
   30.8000011       1.29751387E-09
   30.8999996       1.19370591E-09
   31.0000000       1.09820308E-09
   31.1000004       1.01033903E-09
   31.2000008       9.29504917E-10
   31.3000011       8.55139515E-10
   31.3999996       7.86723853E-10
   31.5000000       7.23780369E-10
   31.6000004       6.65874078E-10
   31.7000008       6.12599471E-10
   31.8000011       5.63587177E-10
   31.8999996       5.18498189E-10
   32.0000000       4.77014706E-10
   32.1000023       4.38850178E-10
   32.2000008       4.03739819E-10
   32.2999992       3.71438491E-10
   32.4000015       3.41720818E-10
   32.5000000       3.14381327E-10
   32.6000023       2.89228058E-10
   32.7000008       2.66088263E-10
   32.7999992       2.44800236E-10
   32.9000015       2.25214070E-10
   33.0000000       2.07195761E-10
   33.1000023       1.90618632E-10
   33.2000008       1.75368123E-10
   33.2999992       1.61337749E-10
   33.4000015       1.48429588E-10
   33.5000000       1.36554434E-10
   33.6000023       1.25629118E-10
   33.7000008       1.15578117E-10
   33.7999992       1.06331256E-10
   33.9000015       9.78240058E-11
   34.0000000       8.99975719E-11
   34.1000023       8.27969707E-11
   34.2000008       7.61729221E-11
   34.2999992       7.00786790E-11
   34.4000015       6.44717682E-11
   34.5000000       5.93137969E-11
   34.6000023       5.45681729E-11
   34.7000008       5.02024255E-11
   34.7999992       4.61860550E-11
   34.9000015       4.24907609E-11
   35.0000000       3.90912754E-11
   35.1000023       3.59637008E-11
   35.2000008       3.30864121E-11
   35.2999992       3.04393212E-11
   35.4000015       2.80039637E-11
   35.5000000       2.57634990E-11
   35.6000023       2.37022364E-11
   35.7000008       2.18059303E-11
   35.7999992       2.00613415E-11
   35.9000015       1.84562921E-11
   36.0000000       1.69796902E-11
   36.1000023       1.56211658E-11
   36.2000008       1.43714173E-11
   36.2999992       1.32216278E-11
   36.4000015       1.21637813E-11
   36.5000000       1.11906344E-11
   36.6000023       1.02952855E-11
   36.7000008       9.47160839E-12
   36.7999992       8.71384648E-12
   36.9000015       8.01666112E-12
   37.0000000       7.37528615E-12
   37.1000023       6.78521085E-12
   37.2000008       6.24235819E-12
   37.2999992       5.74293651E-12
   37.4000015       5.28346073E-12
   37.5000000       4.86075633E-12
   37.6000023       4.47186082E-12
   37.7000008       4.11408841E-12
   37.7999992       3.78493981E-12
   37.9000015       3.48211781E-12
   38.0000000       3.20352989E-12
   38.1000023       2.94721929E-12
   38.2000008       2.71143134E-12
   38.2999992       2.49450243E-12
   38.4000015       2.29492467E-12
   38.5000000       2.11131438E-12
   38.6000023       1.94239416E-12
   38.7000008       1.78699601E-12
   38.7999992       1.64402357E-12
   38.9000015       1.51249022E-12
   39.0000000       1.39148556E-12
   39.1000023       1.28015198E-12
   39.2000008       1.17773532E-12
   39.2999992       1.08351229E-12
   39.4000015       9.96819923E-13
   39.5000000       9.17070673E-13
   39.6000023       8.43698646E-13
   39.7000008       7.76196761E-13
   39.7999992       7.14098323E-13
   39.9000015       6.56965368E-13
   40.0000000       6.04403463E-13
   40.1000023       5.56046962E-13
   40.2000008       5.11561225E-13
   40.2999992       4.70632702E-13
   40.4000015       4.32978767E-13
   40.5000000       3.98338941E-13
   40.6000023       3.66469008E-13
   40.7000008       3.37148901E-13
   40.7999992       3.10175795E-13
   40.9000015       2.85359545E-13
   41.0000000       2.62528741E-13
   41.1000023       2.41524628E-13
   41.2000008       2.22200933E-13
   41.2999992       2.04424070E-13
   41.4000015       1.88068704E-13
   41.5000000       1.73021862E-13
   41.6000023       1.59178904E-13
   41.7000008       1.46444028E-13
   41.7999992       1.34727475E-13
   41.9000015       1.23948323E-13
   42.0000000       1.14032021E-13
   42.1000023       1.04908642E-13
   42.2000008       9.65152166E-14
   42.2999992       8.87936643E-14
   42.4000015       8.16895379E-14
   42.5000000       7.51537978E-14
   42.6000023       6.91409617E-14
   42.7000008       6.36094435E-14
   42.7999992       5.85202392E-14
   42.9000015       5.38382036E-14
   43.0000000       4.95309597E-14
   43.1000023       4.55679568E-14
   43.2000008       4.19223575E-14
   43.2999992       3.85684221E-14
   43.4000015       3.54825388E-14
   43.5000000       3.26438129E-14
   43.6000023       3.00320749E-14
   43.7000008       2.76292982E-14
   43.7999992       2.54188557E-14
   43.9000015       2.33851685E-14
   44.0000000       2.15141896E-14
   44.1000023       1.97929018E-14
   44.2000008       1.82093991E-14
   44.2999992       1.67525194E-14
   44.4000015       1.54121999E-14
   44.5000000       1.41791689E-14
   44.6000023       1.30446852E-14
   44.7000008       1.20010652E-14
   44.7999992       1.10409364E-14
   44.9000015       1.01575454E-14
   45.0000000       9.34490539E-15
   45.1000023       8.59724720E-15
   45.2000008       7.90940647E-15
   45.2999992       7.27662542E-15
   45.4000015       6.69444485E-15
   45.5000000       6.15884178E-15
   45.6000023       5.66609095E-15
   45.7000008       5.21278306E-15
   45.7999992       4.79572394E-15
   45.9000015       4.41203199E-15
   46.0000000       4.05905388E-15
   46.1000023       3.73430103E-15
   46.2000008       3.43553069E-15
   46.2999992       3.16067591E-15
   46.4000015       2.90779931E-15
   46.5000000       2.67515515E-15
   46.6000023       2.46112368E-15
   46.7000008       2.26422516E-15
   46.7999992       2.08307107E-15
   46.9000015       1.91641056E-15
   47.0000000       1.76309103E-15
   47.1000023       1.62202511E-15
   47.2000008       1.49225733E-15
   47.2999992       1.37287153E-15
   47.4000015       1.26302734E-15
   47.5000000       1.16198066E-15
   47.6000023       1.06901392E-15
   47.7000008       9.83485296E-16
   47.7999992       9.04802924E-16
   47.9000015       8.32412312E-16
   48.0000000       7.65813446E-16
   48.1000023       7.04543053E-16
   48.2000008       6.48177034E-16
   48.2999992       5.96318342E-16
   48.4000015       5.48608629E-16
   48.5000000       5.04717975E-16
   48.6000023       4.64335256E-16
   48.7000008       4.27186747E-16
   48.7999992       3.93010291E-16
   48.9000015       3.61565304E-16
   49.0000000       3.32638812E-16
   49.1000023       3.06025381E-16
   49.2000008       2.81541152E-16
   49.2999992       2.59016878E-16
   49.4000015       2.38293714E-16
   49.5000000       2.19228525E-16
   49.6000023       2.01688709E-16
   49.7000008       1.85552877E-16
   49.7999992       1.70707341E-16
   49.9000015       1.57049557E-16
   50.0000000       1.44485027E-16
