          10  0.314159006       9.86958817E-02   3.10062002E-02   1.98352373      -1.64762735E-02
          20  0.157079503       2.46739704E-02   3.87577503E-03   1.99588597      -4.11403179E-03
          30  0.104719669       1.09662088E-02   1.14837778E-03   1.99817193      -1.82807446E-03
          40   7.85397515E-02   6.16849260E-03   4.84471879E-04   1.99897206      -1.02794170E-03
          50   6.28318042E-02   3.94783542E-03   2.48049619E-04   1.99934196      -6.58035278E-04
          60   5.23598343E-02   2.74155219E-03   1.43547222E-04   1.99954271      -4.57286835E-04
          70   4.48798575E-02   2.01420160E-03   9.03970795E-05   1.99966431      -3.35693359E-04
          80   3.92698757E-02   1.54212315E-03   6.05589848E-05   1.99974275      -2.57253647E-04
          90   3.49065587E-02   1.21846783E-03   4.25325197E-05   1.99979699      -2.03013420E-04
         100   3.14159021E-02   9.86958854E-04   3.10062023E-05   1.99983501      -1.64985657E-04
