          10  0.314159006       9.86958817E-02   3.10062002E-02   91.8684998       24.5957146    
          20  0.157079503       2.46739704E-02   3.87577503E-03   91.8076706       24.4130726    
          30  0.104719669       1.09662088E-02   1.14837778E-03   91.7963028       24.3792496    
          40   7.85397515E-02   6.16849260E-03   4.84471879E-04   91.7923126       24.3674088    
          50   6.28318042E-02   3.94783542E-03   2.48049619E-04   91.7904739       24.3619385    
          60   5.23598343E-02   2.74155219E-03   1.43547222E-04   91.7894669       24.3589573    
          70   4.48798575E-02   2.01420160E-03   9.03970795E-05   91.7888641       24.3571587    
          80   3.92698757E-02   1.54212315E-03   6.05589848E-05   91.7884674       24.3559952    
          90   3.49065587E-02   1.21846783E-03   4.25325197E-05   91.7882004       24.3552074    
         100   3.14159021E-02   9.86958854E-04   3.10062023E-05   91.7880096       24.3546295    
