          10  0.314159006       9.74087697E-03   3.06018419E-03   5.48332650E-03   2.00010967    
          20  0.157079503       6.08804810E-04   9.56307558E-05   3.33784905E-04   2.00000668    
          30  0.104719669       1.20257733E-04   1.25933502E-05   8.34464372E-05   2.00000167    
          40   7.85397515E-02   3.80503006E-05   2.98846112E-06   3.57627760E-05   2.00000072    
          50   6.28318042E-02   1.55854050E-05   9.79259084E-07   1.19209271E-05   2.00000024    
          60   5.23598343E-02   7.51610833E-06   3.93542194E-07   5.96046539E-06   1.99999988    
          70   4.48798575E-02   4.05700803E-06   1.82077940E-07   1.19209271E-05   2.00000024    
          80   3.92698757E-02   2.37814379E-06   9.33894100E-08   0.00000000       2.00000000    
          90   3.49065587E-02   1.48466381E-06   5.18245038E-08   3.57627760E-05   2.00000072    
         100   3.14159021E-02   9.74087811E-07   3.06018464E-08   1.78813971E-05   1.99999964    
