          10  0.314159006       9.86958817E-02   3.10062002E-02   91.8684998       24.5957146    
          20  0.157079503       2.46739704E-02   3.87577503E-03   91.8076706       24.4130726    
          30  0.104719669       1.09662088E-02   1.14837778E-03   91.7963028       24.3792496    
          40   7.85397515E-02   6.16849260E-03   4.84471879E-04   91.7923126       24.3674088    
          50   6.28318042E-02   3.94783542E-03   2.48049619E-04   91.7904739       24.3619385    
          60   5.23598343E-02   2.74155219E-03   1.43547222E-04   91.7894669       24.3589573    
          70   4.48798575E-02   2.01420160E-03   9.03970795E-05   91.7888641       24.3571587    
          80   3.92698757E-02   1.54212315E-03   6.05589848E-05   91.7884674       24.3559952    
          90   3.49065587E-02   1.21846783E-03   4.25325197E-05   91.7882004       24.3552074    
         100   3.14159021E-02   9.86958854E-04   3.10062023E-05   91.7880096       24.3546295    
          10  0.314159006       9.74087697E-03   3.06018419E-03   9454878.00       2.11528786E-05
          20  0.157079503       6.08804810E-04   9.56307558E-05   4666246.50       4.28600833E-05
          30  0.104719669       1.20257733E-04   1.25933502E-05   3103588.00       6.44394677E-05
          40   7.85397515E-02   3.80503006E-05   2.98846112E-06   2325791.50       8.59885404E-05
          50   6.28318042E-02   1.55854050E-05   9.79259084E-07   1859921.88       1.07525622E-04
          60   5.23598343E-02   7.51610833E-06   3.93542194E-07   1549605.38       1.29056789E-04
          70   4.48798575E-02   4.05700803E-06   1.82077940E-07   1328057.62       1.50584543E-04
          80   3.92698757E-02   2.37814379E-06   9.33894100E-08   1161946.25       1.72110202E-04
          90   3.49065587E-02   1.48466381E-06   5.18245038E-08   1032774.00       1.93634463E-04
         100   3.14159021E-02   9.74087811E-07   3.06018464E-08   929451.000       2.15157648E-04
          10  0.314159006       9.74087697E-03   3.06018419E-03   9454878.00       2.11528786E-05
          20  0.157079503       6.08804810E-04   9.56307558E-05   4666246.50       4.28600833E-05
          30  0.104719669       1.20257733E-04   1.25933502E-05   3103588.00       6.44394677E-05
          40   7.85397515E-02   3.80503006E-05   2.98846112E-06   2325791.50       8.59885404E-05
          50   6.28318042E-02   1.55854050E-05   9.79259084E-07   1859921.88       1.07525622E-04
          60   5.23598343E-02   7.51610833E-06   3.93542194E-07   1549605.38       1.29056789E-04
          70   4.48798575E-02   4.05700803E-06   1.82077940E-07   1328057.62       1.50584543E-04
          80   3.92698757E-02   2.37814379E-06   9.33894100E-08   1161946.25       1.72110202E-04
          90   3.49065587E-02   1.48466381E-06   5.18245038E-08   1032774.00       1.93634463E-04
         100   3.14159021E-02   9.74087811E-07   3.06018464E-08   929451.000       2.15157648E-04
          10  0.314159006       9.74087697E-03   3.06018419E-03   9454878.00       2.11528786E-05
          20  0.157079503       6.08804810E-04   9.56307558E-05   4666246.50       4.28600833E-05
          30  0.104719669       1.20257733E-04   1.25933502E-05   3103588.00       6.44394677E-05
          40   7.85397515E-02   3.80503006E-05   2.98846112E-06   2325791.50       8.59885404E-05
          50   6.28318042E-02   1.55854050E-05   9.79259084E-07   1859921.88       1.07525622E-04
          60   5.23598343E-02   7.51610833E-06   3.93542194E-07   1549605.38       1.29056789E-04
          70   4.48798575E-02   4.05700803E-06   1.82077940E-07   1328057.62       1.50584543E-04
          80   3.92698757E-02   2.37814379E-06   9.33894100E-08   1161946.25       1.72110202E-04
          90   3.49065587E-02   1.48466381E-06   5.18245038E-08   1032774.00       1.93634463E-04
         100   3.14159021E-02   9.74087811E-07   3.06018464E-08   929451.000       2.15157648E-04
          10  0.314159006       9.74087697E-03   3.06018419E-03   9454878.00       2.11528786E-05
          20  0.157079503       6.08804810E-04   9.56307558E-05   4666246.50       4.28600833E-05
          30  0.104719669       1.20257733E-04   1.25933502E-05   3103588.00       6.44394677E-05
          40   7.85397515E-02   3.80503006E-05   2.98846112E-06   2325791.50       8.59885404E-05
          50   6.28318042E-02   1.55854050E-05   9.79259084E-07   1859921.88       1.07525622E-04
          60   5.23598343E-02   7.51610833E-06   3.93542194E-07   1549605.38       1.29056789E-04
          70   4.48798575E-02   4.05700803E-06   1.82077940E-07   1328057.62       1.50584543E-04
          80   3.92698757E-02   2.37814379E-06   9.33894100E-08   1161946.25       1.72110202E-04
          90   3.49065587E-02   1.48466381E-06   5.18245038E-08   1032774.00       1.93634463E-04
         100   3.14159021E-02   9.74087811E-07   3.06018464E-08   929451.000       2.15157648E-04
