          10   3.06018419E-03   2.00010967       1.09672546E-04
          20   9.56307558E-05   2.00000691       6.91413879E-06
          30   1.25933502E-05   2.00000143       1.43051147E-06
          40   2.98846112E-06   2.00000048       4.76837158E-07
          50   9.79259084E-07   2.00000024       2.38418579E-07
          60   3.93542194E-07   2.00000000       0.00000000    
          70   1.82077940E-07   2.00000000       0.00000000    
          80   9.33894100E-08   2.00000000       0.00000000    
          90   5.18245038E-08   2.00000024       2.38418579E-07
         100   3.06018464E-08   2.00000000       0.00000000    
