          10   3.10062002E-02   1.98352385       1.64761543E-02
          20   3.87577503E-03   1.99588621       4.11379337E-03
          30   1.14837778E-03   1.99817216       1.82783604E-03
          40   4.84471879E-04   1.99897182       1.02818012E-03
          50   2.48049619E-04   1.99934220       6.57796860E-04
          60   1.43547222E-04   1.99954271       4.57286835E-04
          70   9.03970795E-05   1.99966431       3.35693359E-04
          80   6.05589848E-05   1.99974275       2.57253647E-04
          90   4.25325197E-05   1.99979699       2.03013420E-04
         100   3.10062023E-05   1.99983525       1.64747238E-04
