   9.99999978E-03   9.98874102E-03
   9.09090880E-03   8.26052111E-03
   8.33333377E-03   6.93749916E-03
   7.69230770E-03   5.90051152E-03
   7.14285718E-03   5.10189729E-03
   6.66666683E-03   4.45822859E-03
   6.25000009E-03   3.89799173E-03
   5.88235306E-03   3.45694972E-03
   5.55555569E-03   3.07550514E-03
   5.26315812E-03   2.80133984E-03
   4.99999989E-03   2.50333222E-03
   4.76190494E-03   2.27684551E-03
   4.54545440E-03   2.03843741E-03
   4.34782589E-03   1.87155069E-03
   4.16666688E-03   1.76426640E-03
   4.00000019E-03   1.62122014E-03
   3.84615385E-03   1.46625284E-03
   3.70370364E-03   1.37088797E-03
   3.57142859E-03   1.26360240E-03
   3.44827585E-03   1.21591997E-03
   3.33333341E-03   1.12055475E-03
   3.22580640E-03   1.00134802E-03
   3.12500005E-03   1.00134802E-03
   3.03030293E-03   9.29823844E-04
   2.94117653E-03   8.82140943E-04
   2.85714283E-03   8.22537346E-04
   2.77777785E-03   7.98695895E-04
   2.70270277E-03   7.39092124E-04
   2.63157906E-03   7.15250615E-04
   2.56410264E-03   6.55646785E-04
   2.49999994E-03   5.96042897E-04
   2.43902439E-03   5.96042897E-04
   2.38095247E-03   5.96042897E-04
   2.32558139E-03   5.36438951E-04
   2.27272720E-03   5.12597326E-04
   2.22222228E-03   4.76834888E-04
   2.17391294E-03   4.29151638E-04
   2.12765951E-03   4.17230796E-04
   2.08333344E-03   4.41072421E-04
   2.04081624E-03   3.93389113E-04
   2.00000009E-03   4.05309955E-04
   1.96078443E-03   3.81468271E-04
   1.92307692E-03   3.93389113E-04
   1.88679248E-03   3.45705746E-04
   1.85185182E-03   3.69547430E-04
   1.81818183E-03   3.21864034E-04
   1.78571430E-03   2.98022351E-04
   1.75438600E-03   3.45705746E-04
   1.72413792E-03   2.98022351E-04
   1.69491523E-03   2.62259768E-04
   1.66666671E-03   3.09943192E-04
   1.63934426E-03   2.86101480E-04
   1.61290320E-03   2.26497126E-04
   1.58730161E-03   2.50338868E-04
   1.56250002E-03   2.50338868E-04
   1.53846154E-03   2.26497126E-04
   1.51515147E-03   1.78813614E-04
   1.49253733E-03   2.26497126E-04
   1.47058826E-03   2.14576270E-04
   1.44927541E-03   2.14576270E-04
   1.42857141E-03   1.90734499E-04
   1.40845065E-03   1.78813614E-04
   1.38888892E-03   2.02655385E-04
   1.36986305E-03   2.14576270E-04
   1.35135138E-03   1.31130044E-04
   1.33333332E-03   1.78813614E-04
   1.31578953E-03   1.66892729E-04
   1.29870127E-03   1.43050944E-04
   1.28205132E-03   2.02655385E-04
   1.26582279E-03   1.90734499E-04
   1.24999997E-03   1.43050944E-04
   1.23456796E-03   1.90734499E-04
   1.21951220E-03   1.31130044E-04
   1.20481930E-03   1.31130044E-04
   1.19047624E-03   1.31130044E-04
   1.17647054E-03   1.07288244E-04
   1.16279069E-03   1.54971844E-04
   1.14942528E-03   1.43050944E-04
   1.13636360E-03   8.34464372E-05
   1.12359552E-03   1.78813614E-04
   1.11111114E-03   1.19209151E-04
   1.09890115E-03   1.54971844E-04
   1.08695647E-03   1.66892729E-04
   1.07526884E-03   9.53673443E-05
   1.06382975E-03   1.19209151E-04
   1.05263153E-03   2.38418525E-05
   1.04166672E-03   1.31130044E-04
   1.03092787E-03   1.07288244E-04
   1.02040812E-03   8.34464372E-05
   1.01010106E-03   1.31130044E-04
   1.00000005E-03   1.31130044E-04
   9.90099041E-04   1.07288244E-04
   9.80392215E-04   1.19209151E-04
   9.70873807E-04   1.66892729E-04
   9.61538462E-04   4.76836940E-05
   9.52380942E-04   1.07288244E-04
   9.43396240E-04   1.07288244E-04
   9.34579468E-04   1.43050944E-04
   9.25925910E-04   7.15255228E-05
   9.17431200E-04   1.07288244E-04
   9.09090915E-04   5.96046120E-05
   9.00900923E-04   1.19209271E-05
   8.92857148E-04   3.57627760E-05
   8.84955749E-04   7.15255228E-05
   8.77193001E-04   5.96046120E-05
   8.69565236E-04   8.34464372E-05
   8.62068962E-04   5.96046120E-05
   8.54700862E-04   9.53673443E-05
   8.47457617E-04   7.15255228E-05
   8.40336143E-04   8.34464372E-05
   8.33333354E-04   7.15255228E-05
   8.26446281E-04   4.76836940E-05
   8.19672132E-04   3.57627760E-05
   8.13008111E-04   5.96046120E-05
   8.06451601E-04   8.34464372E-05
   7.99999980E-04   1.19209271E-05
   7.93650805E-04   1.19209271E-05
   7.87401572E-04   3.57627760E-05
   7.81250012E-04   2.98023315E-05
   7.75193796E-04   4.76836940E-05
   7.69230770E-04   0.00000000    
   7.63358781E-04   5.96046120E-05
   7.57575734E-04   3.57627760E-05
   7.51879707E-04   9.53673443E-05
   7.46268663E-04   4.76836940E-05
   7.40740739E-04   4.76836940E-05
   7.35294132E-04   5.96046120E-05
   7.29926978E-04   5.96046120E-05
   7.24637706E-04   8.34464372E-05
   7.19424454E-04   1.19209308E-05
   7.14285707E-04   7.15255228E-05
   7.09219836E-04   2.38418525E-05
   7.04225327E-04   3.57627760E-05
   6.99300726E-04   5.96046120E-05
   6.94444461E-04   4.76836940E-05
   6.89655193E-04   1.19209151E-04
   6.84931525E-04   2.38418525E-05
   6.80272118E-04   3.57627760E-05
   6.75675692E-04   4.76836940E-05
   6.71140966E-04   5.96046120E-05
   6.66666660E-04   1.07288244E-04
   6.62251667E-04   3.57627760E-05
   6.57894765E-04   7.15255228E-05
   6.53594790E-04   1.43050944E-04
   6.49350637E-04   1.19209308E-05
   6.45161315E-04   1.07288244E-04
   6.41025661E-04   4.76836940E-05
   6.36942685E-04   9.53673443E-05
   6.32911397E-04   8.34464372E-05
   6.28930808E-04   4.76836940E-05
   6.24999986E-04   2.38418634E-05
   6.21118001E-04   3.57627760E-05
   6.17283978E-04   8.34464372E-05
   6.13496930E-04   1.19209271E-05
   6.09756098E-04   1.31130044E-04
   6.06060610E-04   1.43050944E-04
   6.02409651E-04   3.57627760E-05
   5.98802406E-04   5.96046539E-06
   5.95238118E-04   9.53673443E-05
   5.91715972E-04   9.53673443E-05
   5.88235271E-04   1.78813971E-05
   5.84795314E-04   5.96046120E-05
   5.81395347E-04   8.34464372E-05
   5.78034669E-04   2.38418525E-05
   5.74712642E-04   3.57627760E-05
   5.71428565E-04   3.57627760E-05
   5.68181800E-04   7.15255228E-05
   5.64971764E-04   4.76836940E-05
   5.61797759E-04   2.38418525E-05
   5.58659201E-04   0.00000000    
   5.55555569E-04   3.57627760E-05
   5.52486163E-04   4.76836940E-05
   5.49450575E-04   2.38418525E-05
   5.46448107E-04   3.57627760E-05
   5.43478236E-04   5.96046539E-06
   5.40540554E-04   4.76836940E-05
   5.37634420E-04   9.53673443E-05
   5.34759369E-04   5.96046539E-06
   5.31914877E-04   2.38418525E-05
   5.29100536E-04   3.57627760E-05
   5.26315765E-04   7.15255228E-05
   5.23560215E-04   2.38418525E-05
   5.20833360E-04   8.34464372E-05
   5.18134737E-04   2.38418525E-05
   5.15463937E-04   4.76837376E-05
   5.12820494E-04   3.57627760E-05
   5.10204060E-04   1.19209308E-05
   5.07614226E-04   5.96046120E-05
   5.05050528E-04   1.19209271E-05
   5.02512557E-04   2.98023315E-05
   5.00000024E-04   3.57627760E-05
   4.97512461E-04   4.76836940E-05
   4.95049520E-04   4.76836940E-05
   4.92610852E-04   3.57627760E-05
   4.90196107E-04   8.34464372E-05
   4.87804879E-04   0.00000000    
   4.85436904E-04   4.76836940E-05
   4.83091775E-04   1.19209271E-05
   4.80769231E-04   7.15255228E-05
   4.78468894E-04   3.57627760E-05
   4.76190471E-04   5.96046120E-05
   4.73933644E-04   2.38418634E-05
   4.71698120E-04   1.19209308E-05
   4.69483581E-04   1.19209271E-05
   4.67289734E-04   2.98023315E-05
   4.65116289E-04   1.19209271E-05
   4.62962955E-04   0.00000000    
   4.60829498E-04   2.38418525E-05
   4.58715600E-04   2.38418525E-05
   4.56620997E-04   0.00000000    
   4.54545458E-04   1.19209308E-05
   4.52488690E-04   7.15255228E-05
   4.50450461E-04   1.07288244E-04
   4.48430481E-04   7.15255228E-05
   4.46428574E-04   7.15255228E-05
   4.44444449E-04   7.15255228E-05
   4.42477874E-04   1.19209308E-05
   4.40528645E-04   4.76836940E-05
   4.38596500E-04   4.76836940E-05
   4.36681235E-04   1.78813971E-05
   4.34782618E-04   0.00000000    
   4.32900444E-04   1.19209271E-05
   4.31034481E-04   1.19209308E-05
   4.29184554E-04   9.53673443E-05
   4.27350431E-04   1.78813971E-05
   4.25531907E-04   2.38418525E-05
   4.23728809E-04   7.15255228E-05
   4.21940931E-04   1.78813971E-05
   4.20168071E-04   7.15255228E-05
   4.18410054E-04   1.78813971E-05
   4.16666677E-04   1.19209271E-05
   4.14937764E-04   2.38418525E-05
   4.13223141E-04   1.19209271E-05
   4.11522633E-04   0.00000000    
   4.09836066E-04   3.57627760E-05
   4.08163265E-04   3.57627760E-05
   4.06504056E-04   4.76836940E-05
   4.04858292E-04   7.15255228E-05
   4.03225800E-04   1.19209308E-05
   4.01606434E-04   4.76836940E-05
   3.99999990E-04   1.19209308E-05
   3.98406381E-04   3.57627760E-05
   3.96825402E-04   8.34464372E-05
   3.95256910E-04   1.19209308E-05
   3.93700786E-04   3.57627760E-05
   3.92156857E-04   5.96046120E-05
   3.90625006E-04   8.34464372E-05
   3.89105058E-04   7.15255228E-05
   3.87596898E-04   4.76837376E-05
   3.86100379E-04   2.38418525E-05
   3.84615385E-04   1.78813971E-05
   3.83141771E-04   1.78813971E-05
   3.81679391E-04   1.19209271E-05
   3.80228128E-04   5.96046775E-05
   3.78787867E-04   2.38418525E-05
   3.77358490E-04   5.36442094E-05
   3.75939853E-04   3.57627760E-05
   3.74531839E-04   4.17232695E-05
   3.73134331E-04   2.38418525E-05
   3.71747214E-04   1.78813971E-05
   3.70370370E-04   7.15255228E-05
   3.69003683E-04   4.76837376E-05
   3.67647066E-04   5.96046120E-05
   3.66300374E-04   2.38418634E-05
   3.64963489E-04   0.00000000    
   3.63636354E-04   1.19209271E-05
   3.62318853E-04   5.96046539E-06
   3.61010840E-04   1.78813971E-05
   3.59712227E-04   3.57627760E-05
   3.58422927E-04   0.00000000    
   3.57142853E-04   1.19209271E-05
   3.55871889E-04   4.17232695E-05
   3.54609918E-04   0.00000000    
   3.53356882E-04   4.76836940E-05
   3.52112664E-04   0.00000000    
   3.50877206E-04   0.00000000    
   3.49650363E-04   4.76836940E-05
   3.48432048E-04   0.00000000    
   3.47222231E-04   2.38418525E-05
   3.46020766E-04   1.78813971E-05
   3.44827597E-04   6.55651529E-05
   3.43642605E-04   3.57627760E-05
   3.42465763E-04   7.15255228E-05
   3.41296924E-04   5.96046120E-05
   3.40136059E-04   2.38418525E-05
   3.38983053E-04   1.19209151E-04
   3.37837846E-04   2.38418525E-05
   3.36700323E-04   0.00000000    
   3.35570483E-04   8.34464372E-05
   3.34448152E-04   1.19209271E-05
   3.33333330E-04   5.96046775E-05
   3.32225900E-04   3.57627760E-05
   3.31125833E-04   0.00000000    
   3.30033014E-04   4.76836940E-05
   3.28947383E-04   7.15255228E-05
   3.27868853E-04   3.57627760E-05
   3.26797395E-04   5.96046120E-05
   3.25732894E-04   7.15255228E-05
   3.24675319E-04   4.17232695E-05
   3.23624583E-04   2.98023315E-05
   3.22580658E-04   2.38418525E-05
   3.21543397E-04   5.96046120E-05
   3.20512831E-04   5.96046120E-05
   3.19488812E-04   1.78813971E-05
   3.18471342E-04   7.74861037E-05
   3.17460304E-04   2.38418525E-05
   3.16455698E-04   1.19209271E-05
   3.15457408E-04   4.17232695E-05
   3.14465404E-04   2.98023315E-05
   3.13479628E-04   4.76836940E-05
   3.12499993E-04   5.36442094E-05
   3.11526470E-04   5.36442094E-05
   3.10559000E-04   0.00000000    
   3.09597526E-04   1.19209271E-05
   3.08641989E-04   2.38418634E-05
   3.07692302E-04   2.98023315E-05
   3.06748465E-04   3.57627760E-05
   3.05810390E-04   4.17232695E-05
   3.04878049E-04   5.96046539E-06
   3.03951354E-04   7.74861037E-05
   3.03030305E-04   0.00000000    
   3.02114815E-04   1.78813971E-05
   3.01204826E-04   7.15255228E-05
   3.00300308E-04   7.15255228E-05
   2.99401203E-04   1.31130044E-04
   2.98507453E-04   5.36442094E-05
   2.97619059E-04   7.15255228E-05
   2.96735903E-04   4.17232695E-05
   2.95857986E-04   1.78813971E-05
   2.94985250E-04   7.15256247E-05
   2.94117635E-04   1.19209271E-05
   2.93255143E-04   1.19209308E-05
   2.92397657E-04   1.78813971E-05
   2.91545177E-04   0.00000000    
   2.90697673E-04   3.57627760E-05
   2.89855059E-04   8.34465682E-05
   2.89017335E-04   2.38418525E-05
   2.88184441E-04   5.96046120E-05
   2.87356321E-04   5.96046539E-06
   2.86532944E-04   1.19209308E-05
   2.85714283E-04   7.74861037E-05
   2.84900278E-04   1.19209271E-05
   2.84090900E-04   4.76837376E-05
   2.83286121E-04   3.57627760E-05
   2.82485882E-04   7.15255228E-05
   2.81690154E-04   7.15255228E-05
   2.80898879E-04   9.53673443E-05
   2.80112057E-04   2.38418525E-05
   2.79329601E-04   1.19209271E-05
   2.78551539E-04   4.76837376E-05
   2.77777785E-04   5.96046539E-06
   2.77008308E-04   7.15255228E-05
   2.76243081E-04   9.53673443E-05
   2.75482103E-04   8.34464372E-05
   2.74725287E-04   0.00000000    
   2.73972604E-04   1.19209271E-05
   2.73224054E-04   0.00000000    
   2.72479578E-04   2.38418634E-05
   2.71739118E-04   5.36442094E-05
   2.71002704E-04   4.76836940E-05
   2.70270277E-04   3.57627760E-05
   2.69541779E-04   1.78813971E-05
   2.68817210E-04   1.19209308E-05
   2.68096512E-04   5.96046539E-06
   2.67379684E-04   1.07288244E-04
   2.66666670E-04   1.07288477E-04
   2.65957438E-04   1.19209308E-05
   2.65251991E-04   4.76836940E-05
   2.64550268E-04   2.38418525E-05
   2.63852242E-04   2.98023315E-05
   2.63157883E-04   1.78813971E-05
   2.62467191E-04   9.53675190E-05
   2.61780107E-04   2.38418525E-05
   2.61096604E-04   8.34464372E-05
   2.60416680E-04   1.31130044E-04
   2.59740249E-04   1.13248949E-04
   2.59067368E-04   5.96046120E-05
   2.58397922E-04   4.17232695E-05
   2.57731968E-04   7.15255228E-05
   2.57069420E-04   4.76836940E-05
   2.56410247E-04   2.38418634E-05
   2.55754479E-04   2.38418525E-05
   2.55102030E-04   4.76837376E-05
   2.54452927E-04   4.76836940E-05
   2.53807113E-04   1.19209271E-05
   2.53164559E-04   5.36442094E-05
   2.52525264E-04   5.96046120E-05
   2.51889171E-04   7.74861037E-05
   2.51256279E-04   2.38418634E-05
   2.50626559E-04   2.38418525E-05
   2.50000012E-04   4.76836940E-05
   2.49376550E-04   3.57627760E-05
   2.48756231E-04   4.76837376E-05
   2.48138967E-04   8.34464372E-05
   2.47524760E-04   7.15255228E-05
   2.46913580E-04   1.19209308E-05
   2.46305426E-04   7.15255228E-05
   2.45700241E-04   3.57627760E-05
   2.45098054E-04   7.15255228E-05
   2.44498777E-04   4.17232695E-05
   2.43902439E-04   2.38418634E-05
   2.43308998E-04   4.76836940E-05
   2.42718452E-04   3.57628014E-05
   2.42130744E-04   1.19209151E-04
   2.41545888E-04   1.19209271E-05
   2.40963855E-04   1.19209308E-05
   2.40384616E-04   3.57628014E-05
   2.39808156E-04   0.00000000    
   2.39234447E-04   2.38418634E-05
   2.38663488E-04   7.15255228E-05
   2.38095236E-04   4.76837376E-05
   2.37529690E-04   1.07288244E-04
   2.36966822E-04   7.15255228E-05
   2.36406617E-04   1.19209308E-05
   2.35849060E-04   1.07288244E-04
   2.35294123E-04   7.15255228E-05
   2.34741790E-04   7.15255228E-05
   2.34192034E-04   1.19209271E-05
   2.33644867E-04   7.74861037E-05
   2.33100232E-04   1.19209308E-05
   2.32558144E-04   4.17232695E-05
   2.32018559E-04   1.19209271E-05
   2.31481477E-04   3.57628014E-05
   2.30946884E-04   8.94070472E-05
   2.30414749E-04   2.38418634E-05
   2.29885060E-04   2.98023315E-05
   2.29357800E-04   3.57628014E-05
   2.28832956E-04   8.34464372E-05
   2.28310499E-04   5.96046120E-05
   2.27790428E-04   1.19209308E-05
   2.27272729E-04   8.34464372E-05
   2.26757373E-04   4.76836940E-05
   2.26244345E-04   5.36442094E-05
   2.25733631E-04   1.19209271E-05
   2.25225231E-04   6.55651529E-05
   2.24719101E-04   2.38418634E-05
   2.24215240E-04   1.19209308E-05
   2.23713650E-04   3.57627760E-05
   2.23214287E-04   2.38418634E-05
   2.22717150E-04   1.19209308E-05
   2.22222225E-04   1.19209308E-05
   2.21729497E-04   1.19209271E-05
   2.21238937E-04   0.00000000    
   2.20750546E-04   9.53673443E-05
   2.20264323E-04   5.96046539E-06
   2.19780224E-04   5.96046539E-06
   2.19298250E-04   2.98023315E-05
   2.18818386E-04   1.19209271E-05
   2.18340618E-04   4.76836940E-05
   2.17864930E-04   0.00000000    
   2.17391309E-04   1.78813971E-05
   2.16919740E-04   4.17232695E-05
   2.16450222E-04   1.78813971E-05
   2.15982727E-04   5.96046539E-06
   2.15517241E-04   1.31130044E-04
   2.15053762E-04   2.98023315E-05
   2.14592277E-04   4.17232695E-05
   2.14132757E-04   1.19209151E-04
   2.13675215E-04   2.38418525E-05
   2.13219610E-04   4.76837376E-05
   2.12765954E-04   3.57628014E-05
   2.12314219E-04   1.19209435E-04
   2.11864404E-04   5.36442094E-05
   2.11416496E-04   1.78813971E-05
   2.10970466E-04   4.17232695E-05
   2.10526312E-04   2.98023315E-05
   2.10084036E-04   5.96046120E-05
   2.09643607E-04   1.07288244E-04
   2.09205027E-04   1.19209271E-05
   2.08768266E-04   5.36442094E-05
   2.08333338E-04   1.19209151E-04
   2.07900215E-04   3.57627760E-05
   2.07468882E-04   2.98023315E-05
   2.07039338E-04   2.98023315E-05
   2.06611570E-04   1.07288244E-04
   2.06185563E-04   4.17232695E-05
   2.05761316E-04   1.31130393E-04
   2.05338816E-04   5.96046539E-06
   2.04918033E-04   7.15255228E-05
   2.04498981E-04   1.19209271E-05
   2.04081633E-04   1.19209271E-05
   2.03665986E-04   1.19209308E-05
   2.03252028E-04   5.96046775E-05
   2.02839758E-04   4.17232695E-05
   2.02429146E-04   1.19209308E-05
   2.02020208E-04   3.57627760E-05
   2.01612900E-04   5.96046775E-05
   2.01207236E-04   1.19209271E-05
   2.00803217E-04   3.57628014E-05
   2.00400798E-04   1.19209271E-05
   1.99999995E-04   3.57627760E-05
   1.99600792E-04   1.19209271E-05
   1.99203190E-04   3.57628014E-05
   1.98807160E-04   8.34464372E-05
   1.98412701E-04   2.38418525E-05
   1.98019799E-04   5.96046775E-05
   1.97628455E-04   2.38418634E-05
   1.97238653E-04   1.19209271E-05
   1.96850393E-04   1.78813971E-05
   1.96463661E-04   2.38418634E-05
   1.96078428E-04   1.19209151E-04
   1.95694724E-04   3.57627760E-05
   1.95312503E-04   0.00000000    
   1.94931781E-04   5.36442094E-05
   1.94552529E-04   1.19209151E-04
   1.94174761E-04   2.38418634E-05
   1.93798449E-04   0.00000000    
   1.93423592E-04   3.57627760E-05
   1.93050189E-04   9.53673443E-05
   1.92678228E-04   2.38418525E-05
   1.92307692E-04   1.19209271E-05
   1.91938583E-04   6.55651529E-05
   1.91570885E-04   9.53673443E-05
   1.91204585E-04   5.96046775E-05
   1.90839695E-04   5.96046120E-05
   1.90476188E-04   5.96046775E-05
   1.90114064E-04   4.76836940E-05
   1.89753322E-04   1.78813971E-05
   1.89393933E-04   7.74861037E-05
   1.89035913E-04   4.76837376E-05
   1.88679245E-04   5.96046120E-05
   1.88323917E-04   0.00000000    
   1.87969927E-04   8.94070472E-05
   1.87617261E-04   6.55651529E-05
   1.87265920E-04   3.57627760E-05
   1.86915888E-04   1.37090872E-04
   1.86567166E-04   1.19209271E-05
   1.86219739E-04   7.15256247E-05
   1.85873607E-04   1.78813971E-05
   1.85528756E-04   2.98023315E-05
   1.85185185E-04   6.55651529E-05
   1.84842880E-04   2.38418525E-05
   1.84501841E-04   1.19209271E-05
   1.84162069E-04   2.98023315E-05
   1.83823533E-04   5.96046539E-06
   1.83486234E-04   7.15256247E-05
   1.83150187E-04   5.96046539E-06
   1.82815362E-04   9.53673443E-05
   1.82481745E-04   2.98023315E-05
   1.82149364E-04   7.74861037E-05
   1.81818177E-04   7.15256247E-05
   1.81488198E-04   5.36442094E-05
   1.81159427E-04   8.34464372E-05
   1.80831819E-04   1.19209151E-04
   1.80505420E-04   1.31130044E-04
   1.80180185E-04   1.19209151E-04
   1.79856113E-04   7.15255228E-05
   1.79533206E-04   7.15255228E-05
   1.79211464E-04   5.36442094E-05
   1.78890870E-04   1.19209435E-04
   1.78571427E-04   5.36442094E-05
   1.78253118E-04   5.36442094E-05
   1.77935945E-04   1.43050944E-04
   1.77619891E-04   1.19209308E-05
   1.77304959E-04   1.13248949E-04
   1.76991147E-04   7.15255228E-05
   1.76678441E-04   3.57628014E-05
   1.76366841E-04   7.74861037E-05
   1.76056332E-04   1.31130044E-04
   1.75746929E-04   5.96046775E-05
   1.75438603E-04   1.78813614E-04
   1.75131354E-04   4.76837376E-05
   1.74825182E-04   0.00000000    
   1.74520072E-04   2.38418525E-05
   1.74216024E-04   7.74861037E-05
   1.73913038E-04   3.57627760E-05
   1.73611115E-04   3.57627760E-05
   1.73310225E-04   1.78813971E-05
   1.73010383E-04   1.78813971E-05
   1.72711574E-04   1.01327998E-04
   1.72413798E-04   1.07288244E-04
   1.72117041E-04   1.31130044E-04
   1.71821303E-04   1.19209271E-05
   1.71526583E-04   2.38418525E-05
   1.71232881E-04   8.34464372E-05
   1.70940169E-04   4.76836940E-05
   1.70648462E-04   2.38418525E-05
   1.70357758E-04   2.38418525E-05
   1.70068030E-04   8.34464372E-05
   1.69779290E-04   5.96046120E-05
   1.69491526E-04   2.98023315E-05
   1.69204737E-04   4.17232695E-05
   1.68918923E-04   1.31130044E-04
   1.68634069E-04   1.54971844E-04
   1.68350161E-04   3.57628014E-05
   1.68067229E-04   9.53673443E-05
   1.67785242E-04   5.96046120E-05
   1.67504186E-04   4.76837376E-05
   1.67224076E-04   1.19209271E-05
   1.66944912E-04   3.57628014E-05
   1.66666665E-04   5.96046120E-05
   1.66389349E-04   6.55651529E-05
   1.66112950E-04   2.38418525E-05
   1.65837482E-04   6.55651529E-05
   1.65562917E-04   1.19209271E-05
   1.65289253E-04   8.34464372E-05
   1.65016507E-04   9.53673443E-05
   1.64744648E-04   1.37090872E-04
   1.64473691E-04   2.38418525E-05
   1.64203608E-04   1.66892729E-04
   1.63934426E-04   1.31130044E-04
   1.63666118E-04   4.76836940E-05
   1.63398698E-04   2.38418634E-05
   1.63132136E-04   0.00000000    
   1.62866447E-04   8.34465682E-05
   1.62601631E-04   4.17232695E-05
   1.62337659E-04   1.19209308E-05
   1.62074561E-04   1.78813971E-05
   1.61812291E-04   5.96046775E-05
   1.61550895E-04   1.19209271E-05
   1.61290329E-04   7.74861037E-05
   1.61030592E-04   1.19209271E-05
   1.60771699E-04   4.76837376E-05
   1.60513649E-04   5.36442094E-05
   1.60256415E-04   8.94070472E-05
   1.59999996E-04   9.53675190E-05
   1.59744406E-04   0.00000000    
   1.59489631E-04   4.76836940E-05
   1.59235671E-04   3.57628014E-05
   1.58982511E-04   7.15255228E-05
   1.58730152E-04   0.00000000    
   1.58478608E-04   2.38418634E-05
   1.58227849E-04   8.34464372E-05
   1.57977876E-04   1.19209271E-05
   1.57728704E-04   4.76837376E-05
   1.57480317E-04   3.57627760E-05
   1.57232702E-04   4.76836940E-05
   1.56985872E-04   2.38418525E-05
   1.56739814E-04   3.57628014E-05
   1.56494527E-04   4.76836940E-05
   1.56249997E-04   5.96046120E-05
   1.56006237E-04   7.15255228E-05
   1.55763235E-04   1.37090872E-04
   1.55520989E-04   0.00000000    
   1.55279500E-04   8.34465682E-05
   1.55038753E-04   2.38418525E-05
   1.54798763E-04   5.96046539E-06
   1.54559501E-04   5.96046120E-05
   1.54320995E-04   3.57628014E-05
   1.54083202E-04   4.76837376E-05
   1.53846151E-04   2.98023315E-05
   1.53609828E-04   4.76837376E-05
   1.53374232E-04   2.38418525E-05
   1.53139350E-04   5.96046120E-05
   1.52905195E-04   1.01327998E-04
   1.52671753E-04   1.07288477E-04
   1.52439025E-04   2.38418634E-05
   1.52207009E-04   9.53673443E-05
   1.51975677E-04   4.76836940E-05
   1.51745073E-04   7.15255228E-05
   1.51515153E-04   4.76836940E-05
   1.51285931E-04   1.19209271E-05
   1.51057407E-04   2.38418525E-05
   1.50829568E-04   2.38418525E-05
   1.50602413E-04   1.19209271E-05
   1.50375941E-04   2.38418634E-05
   1.50150154E-04   5.96046539E-06
   1.49925036E-04   1.19209271E-05
   1.49700601E-04   1.19209308E-05
   1.49476837E-04   3.57627760E-05
   1.49253727E-04   1.31130044E-04
   1.49031301E-04   3.57628014E-05
   1.48809529E-04   1.19209308E-05
   1.48588413E-04   4.76837376E-05
   1.48367952E-04   3.57628014E-05
   1.48148145E-04   8.34464372E-05
   1.47928993E-04   8.94070472E-05
   1.47710482E-04   1.78813971E-05
   1.47492625E-04   0.00000000    
   1.47275408E-04   1.07288244E-04
   1.47058818E-04   1.19209435E-04
   1.46842882E-04   1.78813971E-05
   1.46627572E-04   9.53673443E-05
   1.46412887E-04   8.34465682E-05
   1.46198829E-04   7.15255228E-05
   1.45985396E-04   8.34465682E-05
   1.45772588E-04   2.38418634E-05
   1.45560407E-04   1.19209308E-05
   1.45348837E-04   1.19209271E-05
   1.45137878E-04   1.78813971E-05
   1.44927530E-04   2.38418634E-05
   1.44717807E-04   3.57628014E-05
   1.44508667E-04   2.38418525E-05
   1.44300138E-04   9.53675190E-05
   1.44092221E-04   9.53673443E-05
   1.43884885E-04   4.76837376E-05
   1.43678160E-04   3.57627760E-05
   1.43472018E-04   1.31130044E-04
   1.43266472E-04   0.00000000    
   1.43061523E-04   1.54972309E-04
   1.42857141E-04   5.96046120E-05
   1.42653356E-04   3.57627760E-05
   1.42450139E-04   1.19209308E-05
   1.42247518E-04   7.15255228E-05
   1.42045450E-04   1.19209271E-05
   1.41843979E-04   3.57627760E-05
   1.41643060E-04   1.07288244E-04
   1.41442710E-04   6.55651529E-05
   1.41242941E-04   1.78813971E-05
   1.41043725E-04   2.38418634E-05
   1.40845077E-04   3.57627760E-05
   1.40646982E-04   5.36442094E-05
   1.40449440E-04   1.19209271E-05
   1.40252450E-04   1.19209308E-05
   1.40056029E-04   3.57627760E-05
   1.39860145E-04   5.36442094E-05
   1.39664800E-04   1.19209308E-05
   1.39470008E-04   5.96046775E-05
   1.39275769E-04   7.74861037E-05
   1.39082054E-04   5.96046120E-05
   1.38888892E-04   5.36442094E-05
   1.38696254E-04   5.96046775E-05
   1.38504154E-04   7.15255228E-05
   1.38312593E-04   1.43050944E-04
   1.38121541E-04   5.96046775E-05
   1.37931042E-04   3.57628014E-05
   1.37741052E-04   4.17232695E-05
   1.37551586E-04   5.96046539E-06
   1.37362644E-04   3.57628014E-05
   1.37174211E-04   0.00000000    
   1.36986302E-04   1.78813971E-05
   1.36798903E-04   1.19209271E-05
   1.36612027E-04   3.57628014E-05
   1.36425646E-04   5.96046120E-05
   1.36239789E-04   2.38418634E-05
   1.36054427E-04   3.57628014E-05
   1.35869559E-04   8.34464372E-05
   1.35685215E-04   5.36442094E-05
   1.35501352E-04   1.31130044E-04
   1.35317998E-04   8.34464372E-05
   1.35135138E-04   4.76836940E-05
   1.34952774E-04   0.00000000    
   1.34770889E-04   1.19209151E-04
   1.34589500E-04   1.01327998E-04
   1.34408605E-04   6.55651529E-05
   1.34228190E-04   5.36442094E-05
   1.34048256E-04   0.00000000    
   1.33868802E-04   9.53673443E-05
   1.33689842E-04   2.98023315E-05
   1.33511348E-04   1.19209435E-04
   1.33333335E-04   1.43050944E-04
   1.33155787E-04   1.19209271E-05
   1.32978719E-04   0.00000000    
   1.32802132E-04   2.98023315E-05
   1.32625995E-04   1.54971844E-04
   1.32450325E-04   8.34464372E-05
   1.32275134E-04   3.57628014E-05
   1.32100395E-04   3.57628014E-05
   1.31926121E-04   0.00000000    
   1.31752313E-04   0.00000000    
   1.31578941E-04   1.66892729E-04
   1.31406050E-04   7.15255228E-05
   1.31233595E-04   8.34464372E-05
   1.31061606E-04   8.34464372E-05
   1.30890054E-04   1.31130044E-04
   1.30718952E-04   1.43050944E-04
   1.30548302E-04   1.19209271E-05
   1.30378103E-04   3.57627760E-05
   1.30208340E-04   8.34464372E-05
   1.30039014E-04   1.31130044E-04
   1.29870125E-04   3.57627760E-05
   1.29701686E-04   8.34464372E-05
   1.29533684E-04   5.36442094E-05
   1.29366104E-04   0.00000000    
   1.29198961E-04   1.07288477E-04
   1.29032254E-04   5.96046775E-05
   1.28865984E-04   1.07288244E-04
   1.28700136E-04   7.15255228E-05
   1.28534710E-04   7.15256247E-05
   1.28369706E-04   1.13248949E-04
   1.28205123E-04   1.19209271E-05
   1.28040978E-04   8.34464372E-05
   1.27877240E-04   1.78813971E-05
   1.27713924E-04   7.15255228E-05
   1.27551015E-04   8.34464372E-05
   1.27388528E-04   5.96046539E-06
   1.27226464E-04   4.76836940E-05
   1.27064806E-04   1.19209271E-05
   1.26903557E-04   5.96046120E-05
   1.26742714E-04   1.43050944E-04
   1.26582279E-04   2.98023315E-05
   1.26422252E-04   5.96046120E-05
   1.26262632E-04   9.53675190E-05
   1.26103405E-04   1.78813971E-05
   1.25944585E-04   7.74861037E-05
   1.25786159E-04   5.96046120E-05
   1.25628139E-04   2.98023315E-05
   1.25470513E-04   0.00000000    
   1.25313280E-04   2.98023315E-05
   1.25156439E-04   7.74861037E-05
   1.25000006E-04   8.34464372E-05
   1.24843951E-04   6.55651529E-05
   1.24688275E-04   1.07288477E-04
   1.24533006E-04   8.34464372E-05
   1.24378115E-04   1.19209271E-05
   1.24223603E-04   1.19209435E-04
   1.24069484E-04   0.00000000    
   1.23915743E-04   5.96046120E-05
   1.23762380E-04   7.15255228E-05
   1.23609396E-04   4.76837376E-05
   1.23456790E-04   1.19209308E-05
   1.23304562E-04   3.57627760E-05
   1.23152713E-04   1.07288244E-04
   1.23001228E-04   9.53673443E-05
   1.22850121E-04   1.19209308E-05
   1.22699392E-04   4.76836940E-05
   1.22549027E-04   3.57628014E-05
   1.22399026E-04   0.00000000    
   1.22249388E-04   1.19209271E-05
   1.22100129E-04   7.74861037E-05
   1.21951220E-04   8.34464372E-05
   1.21802681E-04   8.34464372E-05
   1.21654499E-04   5.96046775E-05
   1.21506680E-04   8.34465682E-05
   1.21359226E-04   1.19209308E-05
   1.21212121E-04   7.15255228E-05
   1.21065372E-04   3.57627760E-05
   1.20918987E-04   5.96046775E-05
   1.20772944E-04   1.19209271E-05
   1.20627265E-04   4.76837376E-05
   1.20481927E-04   3.57628014E-05
   1.20336947E-04   1.31130044E-04
   1.20192308E-04   4.76836940E-05
   1.20048018E-04   1.07288244E-04
   1.19904078E-04   7.15255228E-05
   1.19760480E-04   1.19209308E-05
   1.19617223E-04   7.15255228E-05
   1.19474316E-04   7.74861037E-05
   1.19331744E-04   3.57627760E-05
   1.19189513E-04   4.76836940E-05
   1.19047618E-04   1.19209308E-05
   1.18906064E-04   2.38418634E-05
   1.18764845E-04   8.34464372E-05
   1.18623961E-04   3.57628014E-05
   1.18483411E-04   1.19209271E-05
   1.18343196E-04   4.76837376E-05
   1.18203308E-04   4.76837376E-05
   1.18063756E-04   1.19209271E-05
   1.17924530E-04   7.15255228E-05
   1.17785632E-04   0.00000000    
   1.17647061E-04   2.98023315E-05
   1.17508811E-04   9.53673443E-05
   1.17370895E-04   4.76836940E-05
   1.17233292E-04   1.19209308E-05
   1.17096017E-04   1.19209308E-05
   1.16959061E-04   1.19209271E-05
   1.16822433E-04   2.38418525E-05
   1.16686111E-04   0.00000000    
   1.16550116E-04   2.38418525E-05
   1.16414434E-04   8.94070472E-05
   1.16279072E-04   0.00000000    
   1.16144016E-04   5.96046120E-05
   1.16009280E-04   1.19209308E-05
   1.15874856E-04   5.36442094E-05
   1.15740739E-04   2.38418634E-05
   1.15606934E-04   2.38418525E-05
   1.15473442E-04   8.34464372E-05
   1.15340255E-04   4.76836940E-05
   1.15207375E-04   1.01327998E-04
   1.15074799E-04   4.17232695E-05
   1.14942530E-04   5.96046120E-05
   1.14810566E-04   1.43050944E-04
   1.14678900E-04   3.57627760E-05
   1.14547540E-04   8.34464372E-05
   1.14416478E-04   4.17232695E-05
   1.14285715E-04   1.25169914E-04
   1.14155249E-04   8.94070472E-05
   1.14025082E-04   4.76837376E-05
   1.13895214E-04   7.15255228E-05
   1.13765644E-04   1.43050944E-04
   1.13636364E-04   3.57627760E-05
   1.13507376E-04   8.34464372E-05
   1.13378686E-04   1.19209308E-05
   1.13250280E-04   1.19209308E-05
   1.13122172E-04   1.19209308E-05
   1.12994348E-04   4.76837376E-05
   1.12866815E-04   7.74861037E-05
   1.12739574E-04   8.34465682E-05
   1.12612615E-04   1.19209271E-05
   1.12485941E-04   6.55651529E-05
   1.12359550E-04   3.57628014E-05
   1.12233443E-04   4.76836940E-05
   1.12107620E-04   3.57627760E-05
   1.11982081E-04   1.19209271E-05
   1.11856825E-04   0.00000000    
   1.11731846E-04   2.98023315E-05
   1.11607143E-04   1.19209151E-04
   1.11482717E-04   1.07288244E-04
   1.11358575E-04   2.38418525E-05
   1.11234702E-04   5.96046775E-05
   1.11111112E-04   2.98023315E-05
   1.10987792E-04   6.55651529E-05
   1.10864748E-04   2.38418525E-05
   1.10741974E-04   5.96046539E-06
   1.10619469E-04   3.57627760E-05
   1.10497240E-04   1.07288244E-04
   1.10375273E-04   5.36442094E-05
   1.10253583E-04   1.07288477E-04
   1.10132161E-04   5.96046775E-05
   1.10011002E-04   2.98023315E-05
   1.09890112E-04   2.02655385E-04
   1.09769484E-04   2.38418525E-05
   1.09649125E-04   0.00000000    
   1.09529028E-04   5.96046539E-06
   1.09409193E-04   7.15255228E-05
   1.09289620E-04   4.76836940E-05
   1.09170309E-04   4.76836940E-05
   1.09051252E-04   3.57627760E-05
   1.08932465E-04   4.76836940E-05
   1.08813925E-04   7.74861037E-05
   1.08695654E-04   2.98023315E-05
   1.08577631E-04   4.76836940E-05
   1.08459870E-04   1.19209308E-05
   1.08342363E-04   2.98023315E-05
   1.08225111E-04   4.76836940E-05
   1.08108106E-04   7.74861037E-05
   1.07991364E-04   1.78813971E-05
   1.07874868E-04   1.07288244E-04
   1.07758620E-04   3.57627760E-05
   1.07642627E-04   4.17232695E-05
   1.07526881E-04   3.57627760E-05
   1.07411382E-04   1.19209271E-05
   1.07296139E-04   9.53673443E-05
   1.07181135E-04   2.38418634E-05
   1.07066378E-04   3.57627760E-05
   1.06951869E-04   8.34465682E-05
   1.06837608E-04   1.19209308E-05
   1.06723586E-04   5.96046775E-05
   1.06609805E-04   3.57628014E-05
   1.06496271E-04   8.34464372E-05
   1.06382977E-04   1.07288477E-04
   1.06269923E-04   4.76836940E-05
   1.06157109E-04   5.36442094E-05
   1.06044536E-04   4.76836940E-05
   1.05932202E-04   8.34465682E-05
   1.05820109E-04   2.98023315E-05
   1.05708248E-04   2.98023315E-05
   1.05596620E-04   0.00000000    
   1.05485233E-04   7.15255228E-05
   1.05374078E-04   1.25169914E-04
   1.05263156E-04   7.15255228E-05
   1.05152474E-04   7.15256247E-05
   1.05042018E-04   0.00000000    
   1.04931794E-04   1.19209271E-05
   1.04821804E-04   4.76837376E-05
   1.04712039E-04   8.34464372E-05
   1.04602514E-04   5.96046539E-06
   1.04493207E-04   1.19209308E-05
   1.04384133E-04   1.07288244E-04
   1.04275285E-04   8.34465682E-05
   1.04166669E-04   7.74861037E-05
   1.04058272E-04   2.38418525E-05
   1.03950108E-04   2.98023315E-05
   1.03842161E-04   5.96046775E-05
   1.03734441E-04   1.19209151E-04
   1.03626946E-04   1.78813971E-05
   1.03519669E-04   4.17232695E-05
   1.03412618E-04   4.17232695E-05
   1.03305785E-04   2.02655385E-04
   1.03199178E-04   0.00000000    
   1.03092782E-04   2.38418525E-05
   1.02986611E-04   2.38418525E-05
   1.02880658E-04   1.31130044E-04
   1.02774924E-04   7.15255228E-05
   1.02669408E-04   1.78813971E-05
   1.02564103E-04   3.57627760E-05
   1.02459016E-04   1.31130393E-04
   1.02354148E-04   1.78813971E-05
   1.02249491E-04   8.34464372E-05
   1.02145044E-04   3.57627760E-05
   1.02040816E-04   8.94070472E-05
   1.01936799E-04   7.74861037E-05
   1.01832993E-04   8.94070472E-05
   1.01729398E-04   1.19209271E-05
   1.01626014E-04   2.98023315E-05
   1.01522841E-04   9.53673443E-05
   1.01419879E-04   1.31130044E-04
   1.01317120E-04   3.57627760E-05
   1.01214573E-04   9.53673443E-05
   1.01112237E-04   5.96046539E-06
   1.01010104E-04   5.96046120E-05
   1.00908175E-04   0.00000000    
   1.00806450E-04   2.38418525E-05
   1.00704936E-04   2.98023315E-05
   1.00603618E-04   3.57628014E-05
   1.00502511E-04   2.38418525E-05
   1.00401609E-04   3.57627760E-05
   1.00300902E-04   7.15256247E-05
   1.00200399E-04   5.96046775E-05
   1.00100100E-04   7.74861037E-05
   9.99999975E-05   1.19209308E-05
