   1.00000000       50.0000000    
  0.500000000       20.0000000    
  0.250000000       5.88235283    
  0.125000000       1.53846157    
   6.25000000E-02  0.389105052    
   3.12500000E-02   9.75609720E-02
   1.56250000E-02   2.44081039E-02
   7.81250000E-03   6.10314310E-03
   3.90625000E-03   1.52585562E-03
   1.95312500E-03   3.93389113E-04
   9.76562500E-04   8.34464372E-05
   4.88281250E-04   0.00000000    
   2.44140625E-04   7.15255228E-05
   1.22070312E-04   2.38418634E-05
   6.10351562E-05   5.96046120E-05
   3.05175781E-05   8.34464372E-05
   1.52587891E-05   3.57628014E-05
   7.62939453E-06   5.96046120E-05
   3.81469727E-06   3.57628014E-05
   1.90734863E-06   3.57626588E-04
